LP-location/body_waves_topology/data/dem_100m.asc
ncols        90
nrows        90
xllcorner    522000.000000000000
yllcorner    1103000.000000000000
cellsize     100.000000000000
NODATA_value -32767
[rows 38 to 75 of 90, columns 0 to 83 of 90]
1914 1950 1980 1993 2029 2107 2260 2380 2513 2585 2616 2641 2645 2646 2655 2670 2681 2675 2680 2696 2723 2740 2770 2794 2825 2863 2884 2900 2943 2980 3005 3040 3063 3090 3134 3172 3232 3303 3260 3210 3202 3204 3202 3204 3217 3218 3214 3160 3105 3054 3033 2984 2955 2960 2970 2943 2780 2826 2852 2900 2960 3010 3008 3013 3013 2984 2964 2906 2868 2825 2786 2763 2738 2717 2690 2668 2640 2616 2560 2470 2397 2370 2340 2324
1960 1967 1987 2034 2081 2183 2270 2384 2509 2575 2611 2632 2643 2650 2663 2651 2685 2688 2693 2703 2720 2737 2760 2793 2820 2866 2887 2904 2930 2953 2980 3013 3063 3100 3160 3195 3240 3280 3206 3237 3220 3212 3203 3215 3245 3246 3227 3207 3190 3150 3093 3055 3007 3090 3090 3010 2880 2910 2960 3010 3060 3086 3063 3033 2987 2945 2925 2895 2873 2833 2787 2760 2737 2720 2684 2655 2628 2600 2540 2492 2467 2420 2377 2330
1960 1992 2033 2100 2200 2276 2324 2387 2503 2567 2607 2616 2629 2638 2652 2493 2694 2696 2700 2725 2737 2750 2763 2790 2835 2860 2840 2832 2853 2880 2920 2983 3035 3088 3148 3195 3260 3267 3208 3248 3234 3212 3200 3243 3251 3257 3274 3287 3286 3272 3227 3192 3113 3192 3205 3092 2980 3067 3073 3101 3100 3060 3020 3000 2964 2916 2876 2887 2867 2824 2780 2763 2736 2713 2677 2671 2662 2636 2610 2560 2500 2468 2420 2400
1920 1975 2085 2156 2268 2317 2400 2425 2504 2570 2611 2624 2626 2634 2654 2693 2704 2705 2720 2740 2742 2750 2764 2795 2826 2795 2800 2847 2876 2913 2930 3000 3053 3120 3168 3220 3280 3220 3220 3215 3214 3203 3220 3260 3274 3295 3330 3340 3324 3293 3282 3263 3240 3252 3240 3203 3143 3132 3122 3075 3030 3000 2980 2960 2920 2889 2837 2864 2863 2807 2777 2763 2740 2720 2693 2684 2663 2640 2616 2590 2560 2530 2493 2470
1940 1965 2040 2175 2287 2400 2470 2528 2540 2552 2602 2621 2626 2635 2653 2675 2693 2708 2720 2729 2730 2742 2757 2785 2780 2780 2835 2868 2900 2960 3013 3047 3072 3128 3184 3253 3290 3247 3255 3230 3220 3240 3285 3300 3280 3295 3293 3288 3260 3244 3220 3215 3215 3200 3186 3160 3135 3116 3072 3060 3024 2960 2900 2900 2893 2869 2827 2824 2829 2820 2778 2762 2742 2725 2704 2677 2653 2629 2595 2560 2547 2530 2546 2520
2020 1996 2030 2120 2290 2400 2513 2573 2583 2580 2559 2590 2590 2598 2620 2637 2660 2702 2698 2700 2703 2707 2710 2720 2737 2785 2845 2890 2940 2987 3040 3087 3135 3135 3187 3247 3300 3315 3304 3268 3263 3265 3230 3245 3233 3256 3245 3240 3224 3192 3187 3183 3154 3140 3127 3108 3090 3080 3013 3007 2988 2967 2915 2866 2828 2828 2790 2776 2789 2826 2784 2749 2723 2700 2691 2667 2640 2613 2589 2548 2500 2497 2498 2480
2116 2109 2040 2110 2290 2405 2520 2581 2585 2589 2593 2590 2596 2621 2630 2645 2645 2660 2677 2679 2679 2697 2700 2713 2780 2808 2850 2877 2947 2994 3040 3110 3173 3206 3208 3253 3291 3320 3270 3210 3180 3200 3168 3191 3184 3210 3200 3189 3187 3149 3140 3135 3107 3087 3080 3067 3047 3044 3000 2940 2940 2930 2895 2855 2843 2770 2750 2747 2780 2810 2780 2748 2717 2684 2666 2645 2620 2580 2540 2540 2516 2469 2476 2460
2200 2208 2107 2153 2293 2400 2510 2566 2577 2587 2596 2598 2603 2613 2629 2647 2660 2665 2673 2681 2689 2715 2743 2718 2755 2777 2795 2830 2904 2970 3040 3080 3130 3186 3235 3280 3286 3305 3253 3207 3120 3153 3127 3152 3147 3164 3153 3145 3151 3123 3094 3092 3066 3047 3027 3010 2985 2995 2968 2913 2850 2872 2883 2840 2800 2740 2720 2708 2735 2752 2767 2736 2706 2685 2647 2623 2598 2576 2534 2487 2483 2460 2427 2437
2280 2290 2280 2252 2317 2412 2527 2574 2594 2596 2592 2596 2609 2622 2630 2639 2662 2670 2682 2688 2694 2708 2760 2769 2782 2800 2829 2860 2920 2952 3020 3065 3088 3153 3220 3244 3276 3254 3210 3167 3100 3087 3080 3120 3127 3105 3097 3100 3113 3075 3056 3063 3043 2996 2980 2948 2913 2927 2920 2900 2812 2820 2845 2824 2770 2726 2688 2653 2693 2705 2736 2716 2672 2660 2637 2604 2568 2547 2512 2480 2433 2444 2396 2397
2310 2335 2335 2297 2365 2427 2524 2571 2590 2592 2588 2593 2604 2623 2629 2643 2651 2660 2677 2683 2693 2723 2746 2745 2755 2772 2797 2846 2890 2952 2985 3010 3083 3140 3180 3200 3220 3196 3165 3107 3086 3045 3047 3094 3089 3082 3075 3066 3070 3040 3013 3013 3008 2975 2951 2920 2860 2840 2840 2840 2790 2785 2795 2785 2750 2680 2649 2620 2613 2650 2700 2688 2653 2616 2614 2592 2560 2525 2474 2452 2425 2385 2370 2373
2366 2400 2393 2373 2400 2475 2527 2540 2563 2560 2577 2600 2593 2598 2611 2620 2629 2636 2648 2657 2672 2700 2728 2747 2765 2777 2800 2851 2875 2913 2940 3005 3072 3095 3140 3160 3170 3140 3120 3075 3052 3015 3047 3060 3056 3048 3032 3031 3014 3008 2967 2965 2955 2940 2936 2873 2826 2740 2760 2784 2754 2730 2747 2725 2706 2675 2613 2620 2577 2609 2653 2655 2640 2580 2540 2552 2540 2497 2477 2448 2394 2366 2340 2340
2394 2444 2435 2412 2480 2536 2584 2587 2575 2565 2591 2604 2610 2622 2621 2626 2644 2661 2663 2659 2659 2680 2710 2735 2747 2770 2780 2800 2846 2886 2927 2983 3026 3054 3072 3100 3095 3075 3065 3045 3010 2996 3043 3008 3015 3000 2989 2997 2977 2976 2914 2900 2911 2907 2887 2860 2803 2720 2680 2710 2720 2676 2690 2675 2671 2663 2610 2569 2560 2586 2620 2609 2600 2560 2487 2500 2500 2477 2464 2433 2400 2368 2315 2300
2420 2479 2472 2518 2580 2582 2598 2604 2594 2593 2580 2579 2595 2603 2620 2634 2655 2663 2671 2680 2686 2693 2703 2716 2740 2766 2791 2834 2866 2877 2900 2940 2954 3010 3008 3055 3047 3028 3026 2993 2973 3008 2990 2952 2968 2965 2960 2965 2945 2928 2886 2852 2867 2864 2834 2826 2803 2730 2668 2640 2665 2640 2652 2640 2627 2613 2597 2565 2520 2548 2580 2560 2564 2533 2475 2428 2450 2453 2445 2407 2375 2348 2300 2272
2472 2588 2580 2574 2606 2602 2606 2612 2608 2601 2591 2597 2591 2617 2631 2644 2657 2664 2665 2676 2687 2698 2708 2719 2743 2758 2788 2820 2845 2840 2869 2880 2926 2930 2985 2996 3000 2985 2983 2957 2960 2977 2965 2915 2927 2925 2925 2915 2920 2880 2860 2815 2820 2815 2800 2785 2780 2740 2675 2607 2600 2600 2620 2590 2592 2580 2576 2563 2528 2494 2530 2495 2505 2497 2471 2410 2395 2412 2394 2380 2347 2305 2276 2220
2570 2641 2620 2607 2612 2622 2618 2623 2616 2599 2598 2615 2600 2610 2631 2640 2649 2650 2654 2667 2682 2693 2705 2715 2733 2750 2770 2788 2800 2826 2816 2869 2873 2900 2952 2956 2970 2936 2937 2940 2946 2940 2925 2890 2890 2886 2886 2880 2887 2874 2826 2780 2753 2760 2768 2752 2744 2693 2650 2610 2520 2540 2570 2552 2563 2560 2548 2530 2520 2480 2480 2475 2460 2472 2445 2423 2360 2365 2360 2348 2320 2280 2230 2180
2600 2646 2636 2636 2640 2638 2631 2629 2621 2621 2599 2620 2615 2607 2624 2630 2640 2638 2655 2667 2678 2691 2703 2695 2706 2717 2733 2756 2775 2783 2813 2860 2836 2872 2895 2915 2912 2898 2941 2913 2904 2904 2887 2854 2880 2854 2850 2836 2840 2840 2826 2785 2713 2707 2714 2700 2706 2687 2620 2570 2513 2485 2528 2517 2531 2520 2523 2500 2490 2473 2434 2460 2406 2436 2420 2371 2360 2327 2300 2296 2285 2264 2240 2190
2660 2656 2676 2662 2653 2649 2642 2631 2619 2621 2613 2622 2613 2599 2614 2627 2634 2644 2658 2669 2677 2688 2678 2697 2715 2730 2742 2757 2764 2773 2789 2800 2820 2862 2868 2865 2880 2920 2920 2895 2856 2876 2860 2814 2844 2810 2800 2792 2795 2775 2775 2760 2713 2660 2675 2670 2645 2613 2606 2570 2516 2465 2494 2477 2492 2485 2487 2469 2463 2465 2425 2425 2380 2390 2380 2365 2320 2307 2290 2249 2255 2224 2195 2150
2680 2672 2686 2677 2668 2657 2649 2631 2632 2628 2617 2621 2616 2605 2621 2628 2635 2644 2655 2661 2666 2667 2675 2693 2710 2730 2754 2766 2755 2749 2768 2786 2815 2831 2830 2845 2886 2884 2884 2874 2826 2834 2814 2788 2793 2780 2776 2750 2753 2744 2720 2707 2680 2650 2620 2635 2605 2565 2575 2547 2500 2427 2460 2440 2456 2463 2445 2440 2425 2435 2424 2368 2346 2295 2340 2347 2312 2260 2253 2245 2210 2192 2175 2147
2614 2688 2694 2687 2683 2670 2647 2646 2651 2640 2619 2621 2623 2618 2618 2624 2632 2640 2645 2650 2659 2670 2685 2692 2700 2723 2770 2780 2764 2738 2764 2772 2776 2785 2805 2852 2864 2863 2844 2849 2814 2792 2787 2774 2754 2763 2740 2695 2700 2700 2673 2666 2630 2600 2587 2593 2577 2540 2510 2508 2468 2420 2412 2430 2406 2433 2400 2400 2380 2395 2392 2360 2310 2278 2293 2310 2285 2263 2200 2204 2190 2147 2130 2128
2490 2625 2700 2692 2683 2658 2672 2670 2658 2634 2626 2629 2628 2621 2614 2619 2626 2632 2639 2648 2659 2671 2681 2690 2700 2730 2772 2760 2732 2731 2743 2760 2750 2766 2790 2820 2820 2825 2800 2808 2794 2765 2760 2754 2740 2715 2700 2673 2640 2655 2614 2620 2580 2530 2564 2546 2534 2510 2450 2450 2440 2395 2387 2400 2366 2391 2363 2377 2336 2345 2353 2335 2324 2285 2251 2268 2250 2240 2193 2172 2172 2133 2108 2077
2460 2587 2700 2688 2676 2681 2683 2676 2665 2639 2635 2637 2629 2620 2615 2616 2620 2629 2638 2642 2658 2668 2676 2686 2700 2726 2732 2720 2700 2716 2730 2733 2709 2755 2771 2778 2780 2790 2777 2780 2767 2740 2711 2716 2700 2680 2667 2664 2613 2592 2594 2553 2520 2505 2507 2500 2489 2453 2432 2386 2380 2356 2382 2355 2317 2335 2313 2350 2320 2285 2300 2305 2276 2273 2260 2212 2209 2186 2180 2133 2149 2130 2080 2054
2460 2547 2670 2697 2682 2684 2683 2676 2666 2640 2641 2642 2634 2620 2616 2616 2620 2624 2633 2638 2654 2664 2669 2677 2683 2690 2697 2700 2685 2694 2720 2705 2693 2720 2747 2756 2755 2755 2745 2743 2738 2729 2695 2675 2672 2656 2660 2620 2597 2565 2553 2520 2487 2490 2468 2457 2469 2444 2400 2340 2326 2353 2334 2300 2307 2273 2289 2300 2286 2252 2269 2271 2235 2236 2227 2206 2165 2160 2140 2134 2096 2093 2083 2040
2380 2480 2652 2700 2690 2687 2683 2675 2663 2650 2646 2648 2639 2628 2620 2620 2621 2627 2632 2645 2652 2655 2661 2668 2670 2671 2676 2680 2670 2668 2684 2675 2655 2693 2708 2723 2723 2713 2714 2713 2716 2700 2680 2647 2640 2623 2605 2594 2580 2564 2515 2490 2472 2476 2452 2415 2447 2440 2392 2345 2296 2320 2324 2276 2280 2255 2254 2247 2236 2220 2232 2220 2196 2193 2184 2183 2160 2116 2096 2100 2080 2060 2064 2043
2380 2480 2580 2693 2694 2689 2682 2671 2659 2654 2656 2654 2647 2644 2643 2632 2628 2628 2630 2640 2643 2650 2662 2660 2658 2657 2665 2667 2660 2660 2663 2651 2620 2677 2676 2688 2683 2680 2677 2683 2673 2656 2643 2637 2608 2588 2576 2576 2554 2540 2520 2485 2455 2456 2414 2388 2405 2395 2382 2346 2322 2278 2294 2286 2255 2229 2213 2200 2196 2185 2196 2180 2165 2152 2147 2130 2143 2092 2093 2057 2065 2029 2032 2013
2360 2460 2580 2700 2698 2692 2682 2666 2657 2662 2664 2663 2661 2652 2640 2634 2631 2627 2632 2630 2632 2640 2654 2647 2639 2639 2651 2653 2630 2661 2651 2631 2600 2650 2652 2660 2657 2653 2655 2654 2637 2626 2616 2609 2596 2558 2557 2537 2540 2515 2483 2482 2456 2433 2390 2368 2376 2380 2353 2343 2315 2280 2240 2230 2247 2240 2215 2167 2147 2140 2160 2134 2100 2105 2087 2075 2100 2054 2060 2035 2020 2020 1977 1980
2360 2393 2540 2690 2709 2704 2680 2672 2668 2669 2670 2666 2661 2644 2636 2632 2632 2635 2634 2634 2632 2644 2642 2646 2641 2638 2645 2643 2599 2643 2635 2608 2598 2637 2633 2635 2629 2629 2633 2635 2620 2600 2590 2580 2558 2549 2536 2526 2517 2503 2467 2454 2443 2404 2384 2360 2342 2360 2329 2302 2300 2272 2242 2206 2170 2200 2187 2168 2120 2120 2094 2080 2078 2064 2015 2014 2020 2028 2000 2020 1980 1985 1982 1940
2310 2410 2480 2680 2723 2721 2707 2692 2684 2676 2667 2664 2659 2656 2643 2636 2636 2637 2637 2637 2638 2657 2673 2660 2649 2636 2641 2635 2597 2625 2623 2593 2593 2618 2614 2618 2610 2613 2616 2620 2595 2580 2572 2562 2545 2542 2524 2512 2500 2483 2457 2440 2407 2377 2353 2340 2330 2312 2320 2296 2279 2266 2242 2220 2140 2107 2120 2120 2094 2085 2087 2067 2080 2040 2004 2002 1999 2000 1932 1930 1920 1943 1940 1927
2347 2420 2500 2700 2737 2727 2715 2701 2674 2667 2658 2653 2651 2654 2650 2643 2646 2647 2640 2644 2659 2712 2724 2710 2660 2635 2632 2628 2604 2594 2580 2575 2600 2596 2593 2597 2592 2597 2593 2597 2576 2568 2552 2542 2520 2517 2503 2480 2454 2445 2427 2407 2376 2354 2334 2322 2332 2316 2289 2284 2275 2263 2244 2217 2180 2106 2073 2060 2072 2064 2065 2031 2040 2020 1975 1975 1937 1927 1910 1875 1905 1932 1903 1890
2363 2420 2520 2700 2738 2726 2714 2701 2686 2660 2651 2640 2640 2650 2658 2654 2659 2655 2655 2654 2692 2735 2740 2735 2692 2634 2619 2618 2609 2597 2586 2577 2558 2570 2574 2572 2572 2575 2568 2573 2555 2549 2533 2512 2500 2488 2480 2453 2413 2392 2396 2384 2358 2336 2314 2302 2300 2289 2285 2266 2250 2248 2234 2210 2180 2145 2092 2020 2045 2034 2044 1989 1972 1980 1962 1949 1920 1890 1873 1840 1880 1893 1874 1848
2400 2428 2547 2692 2738 2723 2711 2699 2689 2673 2666 2655 2639 2645 2650 2653 2652 2648 2643 2646 2687 2723 2740 2724 2675 2624 2611 2602 2599 2594 2589 2584 2560 2561 2565 2557 2546 2552 2535 2543 2526 2520 2515 2489 2474 2457 2456 2431 2390 2366 2367 2358 2344 2311 2285 2273 2255 2247 2253 2262 2248 2229 2214 2193 2172 2144 2094 2010 2000 2016 2023 1983 1931 1933 1945 1940 1914 1880 1858 1820 1825 1840 1848 1832
2426 2460 2540 2720 2727 2716 2710 2703 2701 2695 2678 2662 2645 2638 2639 2642 2647 2644 2635 2642 2647 2666 2692 2697 2660 2618 2606 2596 2591 2591 2588 2583 2567 2538 2527 2536 2529 2526 2500 2523 2504 2484 2472 2460 2447 2440 2420 2416 2384 2350 2347 2342 2323 2300 2270 2248 2226 2216 2215 2231 2242 2228 2205 2166 2133 2106 2067 2010 1970 2000 1986 1980 1940 1906 1916 1912 1903 1870 1846 1813 1800 1820 1808 1824
2453 2490 2592 2720 2714 2707 2701 2701 2701 2697 2687 2676 2662 2642 2639 2639 2640 2638 2628 2628 2629 2637 2648 2656 2644 2615 2601 2584 2584 2587 2585 2580 2569 2555 2526 2498 2507 2505 2487 2498 2484 2456 2444 2436 2420 2413 2384 2387 2364 2334 2308 2317 2303 2287 2263 2236 2210 2178 2183 2200 2217 2210 2200 2165 2140 2103 2047 2000 1934 1947 1935 1948 1910 1871 1880 1876 1870 1836 1815 1789 1760 1783 1784 1792
2487 2540 2595 2700 2712 2710 2702 2689 2688 2689 2684 2677 2672 2663 2658 2652 2643 2633 2618 2609 2610 2618 2618 2624 2637 2612 2587 2575 2581 2585 2583 2576 2564 2549 2536 2504 2472 2482 2472 2474 2464 2443 2423 2411 2395 2373 2357 2357 2336 2309 2285 2288 2278 2266 2256 2229 2203 2163 2158 2168 2174 2175 2167 2136 2115 2088 2035 1990 1935 1895 1920 1900 1894 1867 1831 1835 1810 1797 1786 1775 1737 1762 1757 1769
2546 2580 2620 2705 2721 2718 2704 2680 2678 2679 2677 2677 2680 2680 2676 2670 2662 2646 2626 2608 2594 2602 2603 2604 2611 2596 2576 2572 2582 2581 2581 2563 2550 2533 2517 2492 2457 2464 2462 2444 2445 2436 2414 2385 2371 2354 2328 2324 2311 2290 2270 2255 2264 2240 2238 2223 2203 2183 2140 2143 2154 2160 2140 2122 2092 2065 2024 1975 1940 1885 1877 1856 1860 1865 1817 1800 1789 1783 1772 1756 1716 1732 1723 1743
2580 2633 2675 2721 2722 2715 2696 2691 2684 2671 2668 2670 2678 2680 2680 2677 2658 2640 2617 2602 2589 2580 2591 2591 2583 2574 2559 2560 2574 2571 2560 2547 2538 2520 2498 2482 2457 2425 2440 2426 2420 2416 2390 2367 2344 2327 2295 2291 2280 2268 2256 2229 2247 2240 2220 2207 2184 2175 2160 2127 2126 2135 2125 2105 2074 2048 2017 1974 1935 1886 1846 1852 1815 1840 1840 1789 1760 1757 1755 1735 1700 1690 1695 1710
2571 2640 2706 2723 2715 2707 2723 2692 2679 2674 2668 2658 2656 2653 2663 2671 2647 2611 2597 2587 2581 2566 2581 2584 2578 2568 2556 2556 2563 2553 2554 2535 2523 2504 2486 2466 2455 2429 2396 2412 2392 2388 2372 2353 2329 2296 2270 2270 2253 2248 2232 2200 2230 2229 2194 2194 2171 2151 2135 2115 2076 2114 2107 2087 2063 2024 1987 1955 1900 1884 1853 1817 1798 1796 1816 1800 1758 1735 1727 1704 1690 1655 1660 1667
2585 2660 2721 2723 2736 2737 2700 2689 2680 2675 2668 2666 2662 2654 2620 2620 2620 2596 2568 2560 2545 2560 2570 2569 2568 2563 2546 2538 2550 2537 2525 2520 2509 2491 2472 2443 2432 2429 2404 2380 2380 2358 2352 2336 2312 2285 2263 2240 2240 2227 2220 2185 2215 2212 2193 2169 2147 2124 2095 2083 2040 2088 2085 2058 2036 1995 1964 1937 1897 1875 1863 1845 1823 1788 1776 1783 1769 1747 1700 1688 1670 1640 1640 1681
2620 2673 2726 2736 2740 2748 2715 2680 2668 2666 2667 2663 2662 2662 2657 2624 2589 2567 2549 2533 2520 2537 2554 2549 2547 2540 2533 2527 2531 2522 2504 2493 2483 2477 2465 2447 2420 2400 2400 2386 2358 2340 2325 2305 2297 2274 2250 2225 2217 2200 2185 2167 2160 2183 2166 2143 2125 2107 2075 2052 2018 2049 2048 2029 1996 1973 1949 1925 1892 1864 1848 1840 1820 1785 1755 1750 1754 1749 1729 1700 1660 1620 1617 1645
