LP-location/body_waves_topology/data/dem_100m.asc
ncols        90
nrows        90
xllcorner    522000.000000000000
yllcorner    1103000.000000000000
cellsize     100.000000000000
NODATA_value -32767
[rows 0 to 37 of 90, columns 0 to 83 of 90]
1832 1840 1836 1870 1882 1883 1876 1871 1894 1896 1875 1882 1886 1884 1900 1920 1900 1840 1794 1764 1754 1809 1811 1851 1871 1877 1888 1896 1916 1937 1946 1971 1977 1971 1997 2036 2064 2096 2133 2174 2208 2240 2237 2206 2180 2140 2020 2040 2105 2180 2193 2200 2149 2095 2013 1965 1953 1995 2080 2108 2013 1971 1920 1927 1929 1915 1892 1837 1862 1878 1891 1920 1980 2110 2170 2133 2093 2108 2147 2157 2153 2125 2080 2040
1840 1868 1880 1880 1905 1910 1909 1900 1920 1931 1906 1896 1912 1907 1940 1943 1900 1844 1797 1800 1770 1827 1845 1860 1892 1910 1924 1927 1940 1972 1980 1990 2000 1993 1997 2020 2087 2103 2111 2132 2165 2204 2235 2244 2230 2214 2100 2088 2146 2214 2240 2233 2180 2100 2031 1972 1968 2007 2080 2087 2010 1967 1935 1946 1944 1930 1910 1870 1863 1892 1927 1953 1995 2120 2200 2135 2190 2205 2180 2171 2140 2120 2100 2072
1836 1880 1896 1908 1913 1932 1936 1933 1925 1957 1920 1932 1955 1957 1965 1935 1880 1867 1816 1827 1780 1827 1889 1877 1927 1952 1957 1957 1968 2011 2027 2025 2040 2027 2014 2040 2103 2129 2137 2142 2140 2173 2210 2248 2260 2225 2110 2120 2170 2220 2289 2288 2180 2100 2050 1993 1978 2010 2070 2087 2005 1960 1964 1958 1960 1957 1933 1907 1873 1900 1940 1976 2027 2160 2207 2200 2242 2220 2194 2160 2149 2136 2116 2100
1871 1872 1911 1942 1932 1960 1965 1960 1938 1968 1948 1976 1987 1991 1976 1940 1880 1901 1880 1880 1820 1815 1921 1900 1940 1963 1986 2000 1997 2010 2055 2047 2069 2063 2036 2067 2074 2125 2157 2162 2167 2163 2180 2224 2255 2245 2152 2133 2177 2233 2316 2314 2193 2128 2060 1990 1990 2014 2070 2068 2000 1977 1979 1973 1969 1965 1950 1926 1900 1893 1940 1983 2040 2160 2226 2244 2265 2232 2200 2183 2175 2162 2146 2120
1900 1920 1915 1945 1966 1965 1980 1982 1956 1988 1988 2020 2027 2028 2020 1970 1905 1900 1925 1920 1880 1840 1886 1922 1926 1960 1983 2025 2047 2040 2080 2075 2093 2096 2064 2091 2115 2114 2164 2174 2179 2184 2180 2207 2237 2268 2226 2154 2176 2233 2316 2315 2210 2130 2067 2000 1997 2034 2088 2060 1993 2005 2005 1987 1976 1969 1962 1940 1910 1897 1940 1980 2040 2132 2190 2214 2281 2240 2226 2212 2194 2165 2118 2110
1943 1949 1956 1951 1985 1982 1992 1997 1974 2016 2020 2043 2057 2060 2046 2010 1945 1926 1953 1963 1940 1920 1865 1880 1920 1980 2023 2020 2068 2100 2110 2098 2140 2140 2095 2114 2152 2145 2168 2188 2203 2212 2206 2199 2236 2280 2280 2210 2180 2233 2313 2320 2220 2140 2076 2044 1999 2037 2085 2050 2020 2030 2022 2003 1979 1971 1962 1930 1909 1899 1936 1976 2008 2087 2125 2187 2247 2267 2250 2240 2212 2155 2160 2156
1962 1980 1976 1960 2000 2004 2012 2030 1990 2010 2035 2058 2080 2092 2070 2024 1993 1990 1987 2005 1983 1950 1900 1904 1920 1967 2020 2064 2070 2105 2154 2134 2176 2186 2148 2150 2197 2196 2175 2216 2229 2242 2228 2220 2248 2295 2340 2320 2248 2232 2315 2330 2230 2164 2100 2072 2040 2029 2076 2068 2063 2063 2046 2023 1991 1983 1948 1920 1908 1908 1934 1963 1991 2040 2110 2168 2232 2300 2273 2260 2224 2200 2191 2187
1967 2004 1997 1996 2000 2036 2034 2052 2020 1999 2030 2069 2103 2117 2087 2047 2020 2014 2030 2044 2020 1960 1897 1898 1955 1967 2000 2066 2107 2113 2160 2186 2200 2230 2200 2172 2231 2250 2220 2245 2268 2255 2265 2238 2268 2310 2392 2380 2327 2295 2330 2350 2269 2192 2152 2105 2063 2045 2082 2087 2090 2088 2063 2030 2008 2006 1940 1919 1928 1922 1920 1954 1976 2008 2080 2147 2220 2280 2278 2260 2220 2232 2228 2213
1992 2029 2023 2042 2027 2040 2068 2074 2055 2036 2030 2072 2115 2140 2100 2047 2060 2055 2065 2070 2048 1990 1907 1932 1980 2027 1993 2040 2124 2164 2180 2210 2263 2270 2240 2197 2235 2276 2260 2272 2300 2276 2284 2284 2328 2383 2454 2432 2372 2320 2366 2395 2362 2263 2190 2140 2080 2064 2092 2105 2116 2120 2073 2035 2027 2000 1938 1944 1949 1935 1919 1946 1973 2007 2070 2133 2210 2265 2273 2249 2250 2262 2251 2208
2014 2050 2049 2049 2064 2044 2076 2091 2073 2076 2060 2072 2115 2147 2097 2100 2112 2092 2091 2080 2060 2007 1932 2008 2000 2100 2100 2040 2090 2165 2220 2245 2283 2311 2313 2300 2290 2295 2313 2295 2355 2300 2312 2310 2408 2468 2497 2480 2400 2354 2400 2442 2408 2320 2260 2213 2150 2076 2101 2108 2118 2120 2087 2038 2040 2008 1948 1968 1963 1940 1930 1943 1972 2015 2067 2127 2200 2280 2300 2276 2280 2276 2228 2190
2037 2068 2073 2069 2096 2088 2105 2125 2094 2100 2105 2108 2120 2166 2120 2145 2147 2107 2120 2088 2063 2000 1988 2052 2050 2093 2160 2092 2134 2153 2230 2286 2295 2336 2356 2354 2320 2360 2340 2316 2385 2388 2370 2352 2433 2540 2604 2510 2468 2393 2410 2460 2453 2420 2350 2280 2226 2130 2100 2108 2114 2115 2100 2057 2049 2023 1980 1984 1980 1952 1937 1944 1980 2030 2071 2128 2200 2280 2330 2297 2314 2284 2250 2200
2070 2095 2113 2086 2120 2115 2113 2146 2099 2134 2135 2117 2160 2188 2156 2173 2162 2148 2115 2070 2033 1994 2010 2104 2140 2120 2170 2193 2190 2220 2213 2293 2320 2373 2386 2392 2356 2391 2380 2406 2393 2434 2444 2452 2455 2510 2620 2612 2540 2440 2420 2471 2507 2472 2432 2353 2268 2200 2111 2111 2113 2109 2095 2083 2073 2037 1995 1997 1992 1967 1939 1945 1988 2035 2076 2133 2200 2280 2352 2340 2351 2300 2300 2290
2108 2105 2141 2116 2157 2149 2146 2168 2130 2166 2168 2145 2187 2222 2200 2202 2180 2112 2083 2072 2030 2030 2014 2080 2146 2186 2194 2250 2210 2263 2234 2320 2365 2400 2434 2435 2390 2425 2428 2414 2449 2472 2470 2520 2540 2520 2600 2646 2606 2527 2468 2500 2552 2480 2406 2346 2284 2200 2122 2122 2119 2117 2096 2100 2100 2060 2004 2031 2014 1995 1968 1953 1992 2035 2080 2145 2213 2280 2360 2380 2360 2346 2330 2340
2132 2132 2144 2140 2187 2180 2160 2188 2184 2184 2204 2186 2190 2243 2236 2210 2160 2095 2098 2124 2068 2093 2072 2054 2087 2143 2224 2270 2294 2286 2286 2333 2413 2398 2455 2460 2400 2444 2457 2460 2485 2494 2532 2540 2626 2600 2600 2674 2650 2560 2550 2624 2577 2420 2347 2293 2254 2180 2135 2146 2136 2124 2107 2110 2105 2050 2035 2063 2045 2029 2005 1957 1994 2035 2080 2145 2213 2280 2373 2400 2384 2375 2380 2360
2148 2175 2160 2171 2213 2225 2188 2215 2220 2194 2236 2228 2197 2260 2260 2229 2140 2115 2160 2175 2095 2110 2130 2120 2078 2090 2180 2250 2335 2305 2373 2328 2428 2445 2460 2493 2480 2460 2493 2520 2508 2560 2594 2600 2642 2580 2648 2726 2653 2593 2650 2650 2550 2440 2350 2240 2200 2150 2165 2181 2146 2120 2116 2120 2104 2057 2075 2087 2073 2055 2020 1975 1994 2035 2080 2145 2213 2280 2372 2434 2420 2420 2404 2375
2120 2209 2200 2200 2220 2254 2216 2242 2242 2204 2255 2255 2217 2275 2277 2233 2168 2203 2240 2232 2099 2160 2210 2172 2110 2100 2140 2200 2300 2364 2407 2408 2430 2480 2486 2533 2520 2500 2535 2580 2600 2595 2640 2660 2665 2647 2688 2768 2735 2720 2712 2620 2490 2427 2340 2240 2187 2160 2181 2181 2147 2118 2126 2126 2093 2091 2112 2113 2100 2076 2030 1985 1990 2028 2080 2145 2200 2268 2360 2440 2454 2452 2420 2408
2027 2120 2220 2230 2235 2270 2260 2262 2260 2231 2280 2280 2260 2305 2293 2240 2200 2240 2260 2303 2180 2287 2293 2300 2160 2115 2167 2193 2240 2320 2420 2450 2440 2527 2497 2564 2557 2580 2552 2629 2647 2637 2670 2695 2707 2720 2727 2780 2810 2772 2667 2570 2480 2420 2300 2220 2183 2185 2188 2181 2152 2137 2156 2130 2098 2122 2131 2133 2122 2089 2045 2007 1997 2036 2105 2150 2195 2247 2320 2413 2480 2483 2456 2411
1900 1994 2138 2207 2250 2286 2288 2280 2274 2268 2295 2312 2296 2342 2310 2248 2252 2287 2300 2335 2287 2340 2390 2360 2220 2137 2180 2232 2252 2300 2387 2472 2480 2568 2568 2600 2605 2632 2626 2624 2669 2680 2688 2740 2760 2775 2777 2787 2822 2740 2590 2520 2440 2380 2273 2203 2207 2225 2191 2174 2160 2170 2164 2127 2116 2133 2140 2145 2132 2097 2063 2024 2002 2047 2115 2160 2196 2245 2307 2393 2470 2493 2448 2430
1795 1888 2000 2110 2176 2272 2321 2314 2307 2316 2298 2335 2328 2355 2307 2290 2288 2298 2353 2375 2372 2370 2423 2380 2265 2180 2174 2240 2280 2320 2392 2487 2500 2632 2634 2607 2660 2660 2668 2660 2693 2725 2720 2760 2806 2820 2810 2840 2807 2708 2560 2487 2390 2320 2260 2280 2268 2244 2196 2178 2186 2185 2164 2136 2130 2151 2154 2151 2142 2114 2077 2045 2007 2052 2116 2164 2196 2255 2313 2408 2485 2508 2487 2460
1600 1700 1833 1980 2082 2214 2280 2306 2340 2347 2320 2355 2362 2360 2360 2312 2308 2335 2375 2405 2406 2408 2435 2415 2312 2245 2220 2250 2292 2370 2440 2540 2580 2650 2700 2640 2680 2691 2711 2714 2700 2768 2783 2765 2827 2864 2873 2846 2733 2620 2512 2430 2334 2300 2327 2312 2270 2220 2194 2200 2208 2191 2155 2153 2138 2164 2167 2162 2157 2143 2113 2074 2025 2060 2134 2171 2213 2280 2340 2427 2463 2447 2440 2433
1520 1600 1737 1904 1975 2100 2179 2228 2280 2326 2362 2376 2380 2377 2367 2325 2340 2385 2415 2417 2430 2430 2463 2447 2354 2303 2300 2260 2315 2400 2480 2607 2660 2660 2744 2714 2694 2752 2760 2765 2740 2800 2827 2805 2835 2885 2891 2793 2657 2532 2472 2400 2347 2376 2357 2330 2320 2228 2243 2245 2223 2180 2168 2167 2151 2167 2178 2180 2173 2166 2140 2105 2060 2087 2148 2184 2235 2300 2385 2428 2389 2380 2360 2360
1489 1570 1715 1821 1912 1975 2067 2113 2160 2290 2340 2386 2400 2396 2388 2365 2403 2412 2433 2437 2460 2448 2489 2492 2428 2348 2328 2280 2334 2413 2520 2670 2727 2700 2740 2772 2727 2776 2815 2820 2840 2820 2875 2848 2885 2930 2880 2667 2590 2500 2420 2359 2424 2393 2376 2360 2328 2285 2271 2240 2200 2177 2183 2175 2162 2171 2187 2194 2190 2191 2174 2132 2093 2100 2165 2205 2270 2315 2375 2360 2333 2325 2320 2280
1457 1520 1663 1770 1856 1900 1959 2020 2100 2260 2313 2370 2405 2400 2422 2400 2407 2435 2461 2454 2474 2495 2496 2547 2510 2420 2350 2298 2354 2440 2570 2714 2763 2764 2793 2805 2780 2840 2868 2873 2895 2892 2920 2915 2948 2928 2800 2660 2570 2480 2393 2448 2450 2420 2388 2373 2348 2300 2265 2223 2195 2186 2190 2183 2174 2182 2191 2216 2213 2209 2186 2135 2100 2120 2180 2246 2295 2345 2349 2320 2293 2269 2246 2226
1410 1505 1582 1700 1810 1865 1926 1970 2035 2160 2280 2346 2420 2427 2442 2433 2415 2420 2462 2467 2485 2514 2554 2586 2592 2533 2465 2360 2367 2450 2660 2767 2797 2812 2856 2862 2830 2880 2904 2933 2948 2953 2960 3000 2980 2905 2800 2687 2580 2470 2485 2491 2474 2447 2423 2380 2345 2288 2263 2223 2213 2220 2198 2180 2185 2197 2200 2230 2240 2224 2194 2140 2118 2180 2240 2293 2346 2405 2376 2353 2332 2300 2280 2264
1520 1520 1537 1617 1732 1840 1900 1954 1996 2120 2267 2328 2400 2448 2460 2465 2466 2429 2444 2486 2507 2545 2560 2597 2649 2580 2547 2512 2435 2510 2690 2773 2846 2865 2880 2890 2893 2913 2951 2985 3020 3033 2993 3022 2948 2860 2760 2668 2540 2540 2553 2528 2488 2450 2400 2360 2342 2294 2250 2260 2260 2260 2210 2187 2230 2253 2251 2251 2257 2227 2190 2138 2160 2230 2292 2347 2408 2460 2413 2380 2344 2325 2307 2256
1659 1720 1726 1669 1707 1800 1870 1938 2000 2109 2248 2276 2340 2447 2492 2489 2490 2440 2458 2467 2516 2537 2585 2633 2660 2681 2680 2660 2660 2690 2740 2794 2865 2923 2930 2945 2960 2953 2995 3030 3069 3090 3080 3033 2948 2840 2727 2635 2633 2647 2626 2580 2492 2440 2396 2364 2324 2288 2300 2313 2325 2270 2199 2220 2274 2293 2290 2283 2268 2220 2176 2187 2187 2240 2335 2392 2460 2496 2430 2366 2330 2300 2275 2236
1707 1771 2623 1808 1737 1779 1825 1893 1964 2100 2147 2270 2353 2447 2522 2525 2493 2464 2493 2480 2500 2544 2588 2610 2647 2672 2689 2720 2763 2793 2840 2850 2860 2900 2972 3000 3020 3020 3048 3080 3115 3135 3070 2986 2912 2800 2700 2708 2714 2690 2664 2595 2513 2460 2400 2380 2380 2370 2380 2387 2340 2300 2220 2288 2320 2336 2324 2289 2265 2209 2240 2260 2253 2292 2352 2440 2513 2510 2420 2369 2328 2300 2290 2269
1720 1773 2350 1890 1887 1950 1945 1929 1983 2100 2182 2287 2371 2506 2523 2545 2520 2477 2512 2520 2520 2564 2573 2608 2630 2654 2688 2720 2760 2805 2868 2909 2927 2914 2940 3010 3055 3090 3120 3145 3181 3100 3007 2914 2820 2740 2740 2780 2774 2735 2673 2600 2540 2485 2470 2467 2447 2432 2440 2433 2360 2364 2280 2340 2372 2370 2312 2277 2267 2280 2310 2340 2330 2380 2410 2512 2546 2489 2450 2426 2400 2380 2346 2312
1727 1770 2534 1907 1968 2044 2080 2073 2060 2100 2235 2300 2380 2523 2523 2555 2560 2497 2510 2564 2560 2557 2576 2592 2610 2646 2695 2720 2748 2777 2828 2904 2953 2983 2995 2992 3000 3105 3160 3189 3160 3020 2932 2827 2786 2827 2810 2843 2800 2720 2664 2625 2592 2567 2550 2530 2526 2492 2467 2412 2416 2409 2330 2406 2400 2367 2340 2353 2330 2350 2360 2400 2427 2473 2532 2575 2560 2535 2520 2484 2445 2427 2380 2300
1744 1773 2840 1895 2000 2109 2184 2200 2230 2280 2340 2390 2395 2540 2544 2563 2565 2546 2508 2573 2620 2623 2589 2595 2600 2628 2660 2696 2732 2792 2847 2885 2932 3006 3033 3045 3080 3127 3180 3195 3100 2980 2910 2856 2913 2927 2910 2860 2773 2733 2713 2680 2652 2630 2620 2592 2560 2506 2460 2435 2453 2427 2406 2431 2410 2380 2440 2480 2420 2460 2440 2500 2560 2580 2620 2613 2610 2583 2550 2500 2470 2440 2410 2334
1760 1780 1860 1889 1975 2110 2243 2287 2315 2354 2422 2489 2481 2543 2544 2574 2575 2565 2546 2595 2633 2660 2620 2630 2673 2680 2713 2700 2790 2807 2855 2900 2948 3000 3060 3086 3120 3153 3215 3200 3110 2987 2930 2932 2973 2973 2907 2853 2830 2800 2771 2734 2708 2680 2660 2620 2567 2510 2468 2472 2470 2430 2440 2447 2406 2428 2512 2568 2560 2532 2570 2620 2660 2667 2665 2652 2625 2580 2533 2489 2468 2443 2408 2340
1754 1787 1860 1897 1968 2107 2268 2327 2390 2452 2507 2543 2526 2573 2550 2580 2585 2580 2560 2620 2668 2685 2660 2634 2720 2727 2767 2773 2830 2877 2912 2960 3006 3027 3053 3124 3163 3188 3250 3227 3100 3014 3030 3014 3027 3008 2948 2926 2894 2860 2815 2775 2754 2725 2680 2628 2580 2525 2510 2504 2485 2446 2462 2450 2418 2473 2570 2640 2630 2610 2680 2708 2725 2712 2685 2666 2630 2580 2549 2495 2455 2420 2380 2325
1767 1800 1867 1905 1981 2080 2280 2367 2433 2520 2547 2569 2544 2600 2580 2570 2591 2586 2567 2600 2680 2693 2700 2692 2732 2789 2788 2823 2825 2889 2950 2991 3032 3065 3094 3116 3180 3224 3268 3200 3100 3056 3080 3070 3090 3060 3028 3006 2960 2897 2868 2827 2788 2760 2693 2660 2606 2580 2553 2527 2490 2473 2484 2452 2468 2487 2580 2680 2712 2708 2753 2770 2760 2709 2682 2662 2630 2586 2534 2473 2414 2387 2364 2320
1785 2187 1884 1920 2006 2087 2280 2380 2463 2528 2565 2591 2572 2600 2600 2574 2604 2602 2587 2632 2680 2707 2740 2745 2765 2807 2820 2840 2876 2900 2948 2995 3033 3069 3113 3160 3200 3248 3280 3187 3111 3140 3140 3120 3147 3120 3100 3068 3025 2960 2910 2856 2812 2773 2740 2700 2645 2594 2552 2508 2498 2525 2490 2494 2530 2530 2587 2700 2792 2780 2823 2796 2760 2724 2683 2653 2620 2572 2520 2460 2433 2390 2317 2296
2106 1880 1920 1960 2013 2110 2280 2380 2473 2529 2584 2605 2611 2596 2600 2588 2613 2615 2593 2620 2665 2692 2700 2700 2750 2792 2820 2820 2840 2888 2946 2984 3032 3092 3133 3168 3214 3272 3280 3200 3188 3200 3208 3212 3208 3193 3166 3120 3073 3020 2968 2906 2855 2813 2766 2692 2673 2640 2580 2517 2560 2567 2520 2560 2580 2593 2600 2720 2847 2844 2845 2797 2763 2720 2683 2640 2603 2575 2545 2487 2448 2395 2344 2292
2840 1907 1956 1988 2015 2120 2280 2380 2483 2536 2603 2612 2618 2621 2598 2600 2597 2622 2620 2626 2648 2649 2657 2672 2694 2709 2753 2795 2840 2888 2928 2984 3030 3080 3127 3175 3225 3288 3320 3250 3244 3242 3242 3220 3206 3206 3201 3168 3114 3055 2992 2945 2880 2810 2771 2770 2730 2660 2573 2592 2620 2620 2630 2680 2707 2690 2680 2840 2905 2882 2844 2797 2756 2720 2683 2652 2627 2588 2535 2488 2440 2400 2366 2297
1900 1940 1971 1994 2017 2120 2280 2380 2500 2570 2605 2620 2627 2628 2614 2613 2623 2614 2617 2618 2619 2680 2710 2706 2753 2800 2816 2849 2873 2880 2906 2966 3007 3067 3112 3180 3240 3310 3312 3249 3211 3201 3209 3203 3220 3218 3202 3193 3140 3076 3020 2955 2880 2827 2840 2832 2780 2620 2620 2700 2720 2720 2780 2832 2840 2840 2870 2928 2897 2867 2831 2793 2757 2729 2694 2667 2637 2594 2555 2510 2452 2409 2355 2295
1925 1966 1985 1998 2020 2116 2267 2340 2505 2570 2608 2626 2637 2636 2635 2640 2653 2640 2651 2660 2694 2729 2760 2760 2809 2836 2853 2871 2907 2945 2950 2985 2994 3052 3115 3173 3232 3320 3280 3230 3212 3203 3201 3202 3215 3208 3202 3187 3133 3068 3006 2935 2913 2886 2886 2840 2780 2680 2700 2792 2830 2880 2870 2910 2960 2948 2963 2940 2884 2840 2805 2778 2752 2726 2694 2674 2650 2623 2570 2507 2428 2385 2314 2279
