LP-location/body_waves_topology/data/dem_10m.asc
ncols        900
nrows        900
xllcorner    522000.000000000000
yllcorner    1103000.000000000000
cellsize     10.000000000000
NODATA_value -32767
[rows 684 to 721 of 900, columns 84 to 167 of 900]
2701 2701 2701 2701 2701 2701 2701 2700 2697 2696 2694 2694 2692 2690 2688 2686 2684 2682 2680 2678 2678 2678 2676 2675 2674 2672 2670 2669 2667 2666 2664 2662 2660 2656 2652 2649 2647 2646 2645 2644 2644 2644 2643 2642 2640 2640 2639 2639 2639 2638 2639 2639 2639 2639 2639 2639 2639 2639 2639 2639 2639 2639 2639 2639 2639 2639 2639 2639 2639 2640 2641 2642 2643 2644 2645 2645 2645 2646 2646 2647 2647 2647 2648 2648
2701 2701 2701 2702 2701 2701 2701 2701 2700 2697 2697 2695 2693 2691 2689 2687 2685 2683 2682 2680 2680 2678 2678 2676 2674 2673 2671 2669 2668 2666 2664 2662 2660 2656 2653 2651 2649 2648 2647 2646 2646 2645 2644 2642 2640 2640 2639 2639 2639 2638 2638 2638 2638 2639 2639 2638 2638 2638 2638 2638 2638 2639 2639 2639 2639 2639 2639 2639 2639 2640 2641 2642 2643 2643 2644 2644 2645 2645 2646 2646 2646 2647 2647 2647
2702 2702 2702 2702 2702 2701 2701 2701 2701 2700 2698 2696 2694 2692 2690 2688 2686 2685 2683 2682 2682 2680 2678 2676 2675 2673 2672 2670 2669 2667 2665 2662 2660 2657 2654 2652 2650 2649 2648 2648 2647 2646 2644 2642 2640 2640 2639 2639 2639 2638 2638 2638 2638 2638 2638 2638 2638 2638 2638 2638 2638 2638 2638 2638 2638 2638 2638 2639 2639 2639 2640 2641 2642 2643 2643 2644 2644 2645 2645 2646 2646 2646 2646 2646
2703 2702 2702 2703 2702 2702 2701 2701 2701 2700 2698 2696 2694 2692 2690 2688 2687 2685 2684 2683 2682 2680 2678 2677 2675 2674 2673 2671 2670 2667 2665 2663 2660 2657 2655 2653 2651 2650 2650 2650 2648 2647 2645 2642 2640 2640 2639 2639 2639 2638 2638 2638 2638 2638 2638 2638 2638 2638 2638 2638 2638 2638 2638 2638 2638 2638 2638 2639 2639 2639 2639 2640 2641 2642 2642 2643 2644 2644 2645 2645 2645 2646 2646 2646
2703 2703 2703 2703 2703 2702 2702 2701 2700 2700 2698 2696 2695 2693 2691 2689 2688 2687 2686 2684 2682 2682 2680 2678 2677 2676 2674 2673 2670 2668 2666 2663 2660 2658 2655 2654 2652 2652 2652 2651 2649 2647 2645 2643 2640 2640 2640 2639 2639 2639 2638 2638 2638 2638 2637 2637 2637 2637 2637 2637 2637 2637 2637 2637 2637 2638 2638 2638 2638 2639 2639 2639 2640 2641 2642 2643 2643 2644 2644 2644 2645 2645 2645 2645
2703 2703 2703 2703 2702 2702 2701 2701 2700 2700 2698 2697 2695 2693 2692 2690 2689 2688 2686 2685 2684 2682 2681 2680 2678 2677 2676 2674 2672 2669 2666 2663 2660 2658 2656 2655 2654 2654 2654 2652 2651 2649 2646 2644 2643 2640 2640 2639 2639 2639 2639 2638 2638 2638 2638 2638 2637 2637 2637 2637 2637 2637 2637 2637 2637 2637 2637 2638 2638 2638 2639 2639 2640 2641 2642 2642 2642 2643 2643 2644 2644 2644 2644 2644
2704 2704 2703 2703 2703 2702 2702 2701 2701 2700 2700 2698 2696 2695 2693 2691 2690 2689 2687 2686 2684 2684 2682 2681 2680 2680 2677 2676 2673 2669 2666 2663 2660 2658 2658 2657 2656 2656 2655 2654 2653 2650 2648 2646 2643 2640 2640 2639 2639 2639 2639 2639 2638 2638 2638 2638 2638 2638 2638 2638 2637 2637 2637 2637 2637 2637 2637 2637 2638 2638 2639 2639 2640 2641 2641 2641 2642 2642 2643 2643 2643 2644 2643 2643
2703 2703 2703 2703 2702 2702 2701 2701 2700 2700 2698 2698 2696 2694 2693 2692 2690 2689 2688 2686 2685 2684 2683 2682 2681 2681 2680 2677 2673 2670 2667 2664 2660 2660 2660 2658 2658 2658 2658 2656 2654 2652 2651 2648 2645 2644 2640 2640 2639 2639 2639 2639 2639 2639 2638 2638 2638 2638 2638 2638 2638 2638 2638 2638 2638 2638 2638 2637 2638 2638 2639 2639 2639 2640 2640 2641 2641 2642 2642 2643 2643 2643 2643 2643
2703 2703 2703 2702 2702 2702 2701 2701 2700 2700 2698 2697 2696 2694 2693 2692 2690 2689 2688 2687 2686 2685 2684 2683 2682 2681 2680 2677 2675 2672 2669 2665 2664 2662 2662 2660 2660 2660 2660 2657 2656 2654 2653 2651 2649 2645 2643 2640 2640 2639 2639 2639 2639 2639 2639 2639 2638 2638 2638 2638 2638 2638 2638 2638 2638 2638 2638 2638 2637 2638 2638 2639 2639 2639 2639 2640 2641 2641 2642 2642 2642 2642 2642 2642
2702 2702 2702 2702 2702 2702 2701 2701 2700 2700 2698 2697 2696 2694 2693 2692 2691 2689 2688 2687 2686 2685 2685 2684 2683 2682 2681 2680 2677 2675 2671 2669 2663 2664 2663 2663 2663 2663 2662 2660 2657 2657 2656 2655 2651 2648 2645 2643 2640 2640 2640 2640 2639 2639 2639 2639 2639 2639 2639 2639 2639 2639 2639 2639 2638 2638 2638 2638 2638 2638 2638 2638 2638 2639 2639 2639 2640 2641 2641 2641 2641 2641 2641 2641
2702 2702 2702 2702 2701 2701 2701 2701 2700 2700 2699 2697 2696 2695 2693 2692 2691 2690 2689 2688 2687 2686 2685 2684 2683 2683 2682 2681 2680 2676 2675 2672 2665 2665 2665 2665 2665 2665 2664 2663 2660 2660 2660 2656 2653 2650 2648 2644 2643 2640 2640 2640 2640 2640 2640 2639 2639 2639 2639 2639 2639 2639 2639 2639 2639 2639 2639 2639 2638 2638 2638 2638 2638 2638 2638 2639 2639 2640 2640 2641 2641 2641 2641 2641
2701 2701 2701 2701 2701 2701 2701 2700 2700 2699 2698 2697 2696 2694 2693 2692 2691 2690 2689 2688 2687 2687 2686 2685 2684 2683 2682 2681 2681 2680 2678 2676 2675 2667 2668 2668 2668 2667 2666 2664 2663 2662 2660 2657 2654 2652 2648 2647 2644 2643 2643 2642 2640 2640 2640 2640 2640 2640 2640 2640 2640 2639 2639 2639 2639 2639 2639 2639 2639 2639 2639 2639 2639 2638 2638 2638 2639 2639 2639 2640 2640 2640 2640 2640
2701 2701 2701 2701 2701 2700 2700 2700 2699 2698 2697 2697 2695 2694 2693 2692 2691 2690 2689 2689 2688 2687 2686 2685 2684 2684 2683 2682 2681 2680 2678 2677 2675 2672 2670 2670 2670 2670 2667 2666 2665 2662 2660 2657 2656 2653 2651 2648 2647 2646 2645 2644 2642 2642 2642 2640 2640 2640 2640 2640 2640 2640 2640 2640 2640 2640 2640 2639 2639 2639 2639 2639 2639 2639 2639 2638 2638 2638 2639 2639 2639 2639 2639 2639
2700 2700 2700 2700 2700 2700 2700 2699 2698 2697 2697 2696 2695 2694 2693 2692 2691 2690 2690 2689 2688 2687 2686 2685 2685 2684 2683 2682 2681 2681 2680 2678 2675 2673 2672 2672 2671 2671 2670 2668 2665 2663 2662 2660 2657 2654 2652 2651 2649 2648 2647 2646 2644 2644 2643 2642 2642 2642 2642 2642 2642 2642 2642 2642 2642 2642 2642 2640 2640 2640 2640 2640 2640 2639 2639 2639 2638 2638 2638 2638 2638 2638 2638 2638
2698 2699 2699 2699 2699 2699 2699 2698 2697 2697 2696 2696 2695 2694 2693 2692 2691 2691 2690 2689 2688 2687 2686 2686 2685 2684 2683 2682 2681 2680 2678 2677 2675 2674 2673 2673 2672 2671 2670 2668 2667 2665 2662 2660 2657 2656 2654 2653 2652 2650 2649 2648 2646 2646 2645 2644 2644 2644 2644 2644 2644 2644 2644 2644 2644 2644 2643 2642 2642 2642 2642 2642 2642 2640 2640 2639 2639 2639 2639 2639 2638 2637 2637 2637
2697 2697 2697 2697 2697 2697 2697 2697 2697 2696 2696 2695 2694 2693 2693 2692 2691 2690 2689 2689 2688 2687 2686 2685 2685 2684 2683 2682 2681 2680 2678 2677 2676 2675 2674 2673 2673 2672 2671 2670 2668 2665 2663 2662 2660 2657 2657 2656 2654 2652 2651 2649 2649 2648 2647 2646 2646 2646 2646 2646 2646 2646 2646 2646 2646 2645 2645 2644 2644 2644 2644 2643 2642 2642 2642 2640 2640 2640 2640 2639 2639 2638 2637 2636
2695 2696 2696 2696 2696 2696 2696 2696 2695 2695 2695 2694 2693 2693 2692 2691 2691 2690 2689 2688 2687 2686 2685 2685 2684 2683 2683 2682 2681 2680 2678 2677 2676 2675 2674 2674 2673 2672 2671 2670 2668 2667 2665 2663 2662 2660 2660 2657 2655 2654 2652 2651 2651 2650 2649 2648 2648 2648 2648 2648 2648 2648 2648 2648 2648 2647 2647 2646 2646 2645 2645 2645 2644 2643 2642 2642 2641 2641 2641 2640 2639 2638 2637 2637
2694 2694 2694 2694 2694 2695 2695 2695 2694 2694 2694 2693 2693 2692 2691 2691 2690 2689 2688 2688 2687 2686 2685 2684 2684 2683 2682 2681 2681 2680 2679 2678 2677 2676 2675 2674 2673 2672 2671 2671 2670 2668 2667 2665 2663 2662 2660 2658 2657 2655 2654 2654 2653 2652 2651 2650 2650 2649 2650 2650 2650 2650 2650 2650 2650 2649 2649 2648 2648 2647 2647 2646 2645 2644 2644 2643 2643 2643 2642 2642 2640 2639 2638 2637
2692 2693 2693 2693 2693 2693 2693 2693 2693 2693 2693 2693 2692 2691 2691 2690 2689 2689 2688 2687 2686 2685 2685 2684 2683 2682 2681 2681 2680 2680 2679 2678 2677 2676 2675 2674 2674 2673 2672 2671 2671 2670 2668 2667 2665 2664 2663 2660 2658 2657 2656 2656 2655 2654 2653 2652 2652 2651 2652 2652 2652 2652 2652 2652 2652 2651 2651 2650 2649 2649 2648 2648 2647 2646 2645 2644 2644 2644 2644 2642 2642 2640 2639 2638
2691 2691 2691 2691 2692 2692 2692 2692 2692 2692 2692 2692 2691 2691 2690 2689 2689 2688 2687 2687 2686 2685 2684 2683 2682 2681 2681 2680 2679 2679 2679 2678 2677 2676 2675 2674 2674 2673 2672 2672 2671 2671 2670 2668 2667 2666 2664 2663 2660 2658 2658 2658 2657 2656 2655 2654 2653 2653 2653 2654 2654 2654 2654 2654 2654 2653 2653 2652 2651 2650 2650 2649 2648 2647 2646 2646 2646 2646 2644 2644 2642 2642 2640 2639
2689 2690 2690 2690 2690 2691 2691 2691 2691 2691 2691 2691 2690 2690 2689 2689 2688 2687 2687 2686 2685 2684 2684 2683 2682 2681 2680 2679 2679 2678 2678 2678 2677 2676 2675 2675 2674 2673 2673 2672 2672 2671 2671 2670 2670 2667 2666 2664 2663 2660 2660 2660 2658 2658 2657 2656 2655 2655 2655 2656 2656 2656 2656 2656 2656 2655 2655 2653 2653 2651 2651 2650 2649 2648 2648 2647 2647 2646 2646 2645 2644 2642 2640 2639
2688 2688 2688 2689 2689 2689 2689 2690 2690 2690 2690 2689 2689 2689 2688 2688 2687 2687 2686 2685 2684 2684 2683 2682 2681 2681 2680 2679 2679 2678 2678 2677 2677 2676 2675 2675 2674 2674 2673 2673 2672 2672 2671 2671 2671 2670 2667 2666 2664 2663 2663 2663 2660 2660 2658 2658 2657 2656 2657 2658 2658 2658 2658 2658 2658 2657 2656 2655 2654 2653 2652 2652 2650 2650 2649 2649 2648 2648 2647 2646 2645 2643 2642 2640
2686 2687 2687 2687 2687 2688 2688 2688 2688 2689 2689 2688 2688 2688 2687 2687 2687 2686 2685 2684 2684 2683 2682 2681 2681 2680 2679 2679 2678 2678 2677 2677 2676 2676 2675 2675 2675 2674 2674 2673 2673 2673 2672 2672 2671 2671 2670 2667 2667 2666 2665 2664 2663 2663 2660 2660 2658 2658 2658 2660 2660 2660 2660 2660 2660 2658 2657 2656 2655 2654 2654 2652 2652 2651 2650 2650 2650 2649 2648 2647 2646 2645 2643 2642
2685 2685 2686 2686 2686 2686 2687 2687 2687 2687 2688 2687 2687 2687 2686 2686 2686 2685 2684 2684 2683 2682 2681 2681 2680 2679 2679 2679 2678 2678 2677 2677 2676 2676 2675 2675 2675 2675 2674 2674 2674 2674 2673 2673 2673 2672 2671 2670 2670 2668 2667 2667 2666 2664 2663 2663 2660 2660 2660 2663 2663 2662 2662 2662 2662 2660 2658 2658 2656 2656 2654 2654 2653 2652 2652 2651 2651 2650 2649 2648 2648 2646 2645 2644
2683 2684 2684 2684 2685 2685 2686 2686 2686 2686 2686 2686 2686 2686 2685 2685 2685 2684 2684 2683 2682 2681 2681 2680 2679 2679 2679 2678 2678 2678 2677 2676 2676 2676 2676 2676 2676 2675 2675 2675 2675 2674 2674 2674 2673 2673 2672 2671 2671 2670 2670 2670 2667 2667 2667 2665 2663 2663 2663 2664 2665 2665 2664 2664 2663 2662 2660 2658 2658 2656 2656 2655 2654 2654 2653 2653 2652 2651 2651 2650 2649 2648 2647 2647
2682 2682 2683 2683 2683 2684 2684 2685 2685 2685 2685 2685 2685 2685 2684 2684 2684 2683 2683 2682 2681 2681 2680 2679 2679 2679 2678 2678 2678 2677 2677 2676 2676 2676 2676 2676 2676 2676 2676 2676 2676 2675 2675 2675 2674 2674 2673 2673 2672 2672 2672 2671 2670 2670 2670 2667 2667 2667 2667 2667 2667 2667 2666 2666 2665 2663 2662 2660 2658 2658 2657 2656 2656 2655 2654 2654 2653 2653 2652 2652 2651 2650 2650 2649
2680 2681 2681 2681 2682 2683 2683 2683 2684 2684 2684 2684 2684 2684 2683 2683 2683 2682 2682 2681 2681 2680 2679 2679 2678 2678 2678 2678 2677 2677 2677 2677 2677 2677 2677 2677 2677 2677 2677 2677 2676 2676 2676 2676 2675 2675 2675 2674 2674 2673 2673 2672 2672 2672 2672 2670 2670 2670 2670 2670 2670 2668 2668 2668 2667 2665 2663 2662 2660 2659 2658 2657 2657 2656 2656 2655 2655 2655 2654 2654 2653 2653 2652 2651
2679 2680 2680 2680 2681 2681 2682 2682 2683 2683 2683 2683 2683 2683 2682 2682 2682 2681 2681 2681 2680 2680 2679 2679 2678 2678 2678 2677 2677 2677 2677 2677 2677 2677 2677 2678 2678 2678 2678 2677 2677 2677 2677 2677 2676 2676 2676 2676 2675 2675 2675 2674 2673 2673 2673 2672 2672 2672 2672 2672 2671 2670 2670 2670 2668 2667 2665 2664 2663 2660 2659 2659 2659 2658 2657 2657 2656 2656 2656 2656 2656 2655 2654 2653
2679 2679 2679 2679 2680 2680 2681 2681 2682 2682 2682 2682 2682 2681 2681 2681 2681 2681 2680 2680 2679 2679 2679 2678 2678 2677 2677 2677 2676 2676 2677 2677 2678 2678 2678 2678 2678 2678 2678 2678 2678 2678 2678 2678 2678 2677 2677 2677 2677 2677 2676 2675 2675 2675 2674 2674 2674 2673 2673 2673 2672 2672 2672 2671 2670 2668 2667 2666 2664 2663 2660 2660 2660 2658 2658 2658 2658 2658 2658 2658 2658 2657 2656 2655
2679 2679 2679 2679 2679 2679 2680 2680 2681 2681 2681 2681 2681 2681 2680 2680 2680 2680 2679 2679 2679 2678 2678 2678 2677 2677 2677 2676 2676 2676 2677 2677 2678 2678 2678 2679 2679 2679 2679 2679 2679 2679 2679 2679 2679 2679 2679 2679 2678 2678 2678 2677 2677 2677 2676 2676 2676 2675 2675 2675 2674 2673 2673 2672 2672 2670 2670 2667 2667 2665 2663 2663 2663 2660 2660 2660 2660 2660 2660 2660 2660 2658 2658 2657
2678 2678 2678 2678 2679 2679 2679 2679 2680 2680 2680 2680 2680 2680 2679 2679 2679 2679 2679 2678 2678 2678 2677 2677 2677 2677 2676 2676 2676 2676 2677 2677 2678 2678 2679 2679 2680 2680 2680 2680 2680 2680 2680 2680 2680 2680 2680 2680 2680 2680 2679 2678 2678 2678 2678 2678 2677 2677 2677 2676 2675 2675 2674 2674 2673 2672 2672 2670 2670 2667 2667 2667 2666 2665 2665 2664 2663 2663 2662 2662 2662 2660 2660 2658
2678 2678 2678 2678 2678 2678 2678 2679 2679 2679 2679 2679 2679 2679 2679 2678 2678 2678 2678 2677 2677 2677 2677 2676 2676 2676 2676 2675 2676 2676 2677 2677 2678 2679 2679 2680 2680 2680 2680 2680 2680 2680 2680 2680 2680 2680 2680 2680 2680 2680 2680 2680 2680 2680 2680 2680 2678 2678 2678 2678 2677 2676 2676 2675 2674 2674 2673 2672 2672 2670 2670 2670 2670 2670 2670 2667 2666 2665 2664 2663 2663 2662 2661 2660
2678 2678 2678 2678 2678 2677 2678 2678 2678 2678 2678 2678 2678 2678 2677 2677 2677 2677 2677 2676 2676 2676 2676 2676 2675 2675 2675 2675 2676 2676 2677 2677 2678 2679 2680 2680 2680 2680 2680 2680 2680 2680 2680 2680 2680 2680 2680 2680 2680 2680 2680 2680 2680 2680 2680 2680 2680 2680 2680 2679 2678 2678 2677 2677 2676 2675 2675 2674 2673 2672 2672 2672 2671 2671 2671 2670 2668 2667 2666 2665 2664 2663 2662 2661
2679 2679 2679 2679 2678 2678 2677 2677 2677 2677 2677 2677 2677 2677 2676 2676 2676 2676 2676 2676 2675 2675 2675 2675 2675 2675 2675 2675 2675 2676 2676 2677 2678 2679 2680 2680 2680 2680 2680 2680 2680 2680 2680 2680 2680 2680 2680 2680 2680 2680 2680 2680 2680 2680 2680 2680 2680 2680 2680 2680 2680 2678 2678 2678 2678 2677 2676 2675 2675 2673 2673 2673 2673 2672 2672 2671 2670 2668 2667 2666 2665 2664 2663 2662
2679 2679 2679 2679 2679 2678 2677 2676 2676 2676 2676 2676 2676 2676 2675 2675 2675 2675 2675 2675 2674 2674 2674 2674 2674 2674 2674 2675 2675 2675 2676 2677 2678 2679 2680 2680 2680 2680 2680 2680 2680 2680 2680 2680 2680 2680 2680 2680 2680 2680 2680 2680 2680 2680 2680 2680 2680 2680 2680 2680 2680 2680 2680 2680 2680 2678 2678 2677 2676 2675 2674 2674 2674 2673 2673 2672 2671 2670 2668 2667 2666 2665 2664 2663
2680 2680 2680 2680 2679 2679 2678 2677 2676 2675 2675 2675 2674 2674 2674 2674 2674 2674 2674 2674 2674 2673 2673 2673 2673 2673 2674 2674 2675 2675 2676 2677 2678 2679 2680 2680 2680 2680 2680 2680 2680 2680 2680 2680 2680 2680 2680 2680 2680 2680 2680 2680 2680 2680 2680 2680 2680 2680 2680 2680 2680 2680 2680 2680 2680 2680 2680 2678 2678 2676 2676 2675 2675 2674 2673 2672 2671 2670 2669 2668 2666 2665 2664 2663
2681 2681 2681 2681 2680 2679 2678 2677 2676 2675 2674 2674 2673 2673 2673 2673 2673 2673 2673 2673 2673 2673 2672 2672 2673 2673 2673 2674 2674 2674 2675 2676 2677 2678 2680 2680 2680 2680 2680 2680 2680 2680 2680 2680 2680 2680 2680 2680 2680 2680 2680 2680 2680 2680 2680 2680 2680 2680 2680 2680 2680 2680 2680 2680 2680 2680 2680 2680 2678 2678 2677 2676 2676 2675 2674 2673 2672 2671 2670 2668 2667 2665 2664 2663
2682 2682 2682 2681 2681 2680 2679 2677 2676 2675 2674 2673 2672 2672 2672 2672 2672 2672 2672 2672 2672 2672 2672 2672 2672 2672 2673 2673 2673 2674 2675 2676 2677 2678 2680 2680 2680 2680 2680 2680 2680 2680 2680 2680 2680 2680 2680 2680 2680 2680 2680 2680 2680 2680 2680 2680 2680 2680 2680 2680 2680 2680 2680 2680 2680 2680 2680 2680 2680 2679 2678 2677 2676 2675 2674 2673 2672 2671 2670 2668 2666 2664 2663 2662
