LP-location/body_waves_topology/data/dem_10m.asc
ncols        900
nrows        900
xllcorner    522000.000000000000
yllcorner    1103000.000000000000
cellsize     10.000000000000
NODATA_value -32767
[rows 342 to 379 of 900, columns 0 to 83 of 900]
1767 1772 1780 1787 1792 1800 2147 2493 2840 2552 2350 2148 1860 1865 1870 1874 1880 1883 1884 1888 1890 1893 1896 1900 1905 1907 1913 1915 1920 1920 1920 1926 1928 1932 1934 1933 1960 1968 1973 1980 1990 2000 2003 2004 2007 2011 2014 2017 2020 2033 2041 2056 2070 2085 2100 2110 2120 2147 2167 2200 2230 2260 2265 2270 2275 2280 2300 2308 2316 2324 2332 2340 2350 2360 2370 2380 2387 2393 2400 2408 2413 2413 2412 2412
1767 1773 1780 1787 1793 1800 2147 2493 2840 2513 2187 1860 1865 1867 1873 1875 1880 1883 1886 1888 1891 1894 1897 1900 1906 1912 1915 1920 1925 1926 1927 1930 1934 1935 1940 1950 1960 1970 1980 1990 2000 2002 2004 2006 2008 2011 2014 2017 2020 2033 2047 2059 2072 2086 2100 2110 2120 2147 2173 2200 2230 2260 2265 2270 2275 2280 2300 2308 2316 2324 2332 2340 2350 2360 2370 2380 2387 2393 2400 2410 2420 2416 2414 2450
1767 1773 1780 1788 1793 1800 2147 2493 2840 2513 2187 1860 1865 1870 1875 1880 1883 1884 1886 1889 1892 1894 1897 1900 1908 1913 1920 1926 1928 1932 1933 1934 1940 1940 1948 1953 1962 1971 1980 1990 2000 2002 2005 2007 2010 2012 2014 2017 2020 2033 2047 2060 2073 2087 2100 2110 2120 2147 2173 2200 2230 2260 2265 2270 2275 2280 2300 2308 2316 2324 2332 2340 2350 2360 2370 2380 2387 2393 2400 2420 2417 2415 2414 2452
1767 1773 1780 1790 1800 2106 2320 2534 2840 2513 2187 1860 1865 1870 1875 1880 1883 1886 1888 1890 1893 1895 1897 1900 1910 1920 1927 1930 1934 1935 1940 1940 1946 1947 1952 1960 1967 1972 1980 1990 2000 2002 2005 2008 2010 2013 2015 2017 2020 2033 2047 2060 2073 2087 2100 2110 2120 2147 2173 2200 2230 2260 2265 2270 2275 2280 2300 2308 2316 2324 2332 2340 2350 2360 2370 2380 2387 2393 2400 2420 2417 2415 2445 2455
1767 1773 1780 1790 1800 2147 2493 2840 2595 2436 2148 1860 1865 1870 1875 1880 1883 1886 1889 1892 1894 1896 1897 1900 1920 1928 1932 1934 1940 1940 1945 1946 1949 1953 1958 1963 1972 1980 1990 2000 2002 2003 2006 2008 2010 2013 2015 2017 2020 2033 2047 2060 2073 2087 2100 2110 2120 2147 2173 2200 2230 2260 2265 2270 2275 2280 2300 2308 2316 2324 2332 2340 2350 2360 2370 2380 2388 2393 2400 2420 2422 2415 2447 2456
1768 1774 1780 1790 1800 2147 2493 2840 2595 2350 2118 1860 1865 1870 1875 1880 1883 1886 1889 1892 1896 1897 1900 1910 1920 1930 1940 1940 1942 1945 1947 1951 1953 1957 1962 1966 1972 1980 1990 2000 2002 2004 2006 2009 2011 2013 2015 2018 2020 2033 2047 2060 2073 2087 2100 2110 2120 2147 2173 2200 2230 2260 2265 2270 2275 2280 2300 2308 2316 2324 2332 2340 2350 2360 2370 2380 2390 2400 2410 2420 2423 2439 2449 2458
1772 1775 1780 1790 1800 2147 2493 2840 2582 2350 2105 1860 1865 1870 1875 1880 1884 1887 1890 1893 1897 1900 1910 1920 1930 1940 1943 1943 1944 1949 1952 1954 1958 1961 1965 1971 1974 1980 1990 2000 2002 2004 2007 2009 2011 2013 2016 2018 2020 2033 2047 2060 2073 2087 2100 2110 2120 2147 2173 2200 2230 2260 2265 2270 2275 2280 2300 2308 2316 2324 2332 2340 2350 2360 2370 2380 2390 2400 2410 2420 2423 2425 2450 2460
1774 1780 1787 1792 1800 2233 2493 2840 2552 2264 2105 1860 1865 1870 1875 1880 1884 1888 1891 1895 1897 1900 1920 1930 1940 1943 1944 1946 1946 1947 1956 1959 1961 1965 1969 1974 1980 1987 1992 2000 2002 2004 2007 2009 2011 2013 2016 2018 2020 2034 2048 2061 2073 2087 2100 2120 2140 2153 2176 2200 2230 2260 2265 2270 2275 2280 2300 2308 2316 2324 2332 2340 2350 2360 2369 2380 2390 2400 2410 2420 2424 2426 2428 2460
1775 1780 1788 1793 1800 2320 2840 2552 2350 2148 1860 1865 1867 1873 1875 1880 1885 1889 1894 1896 1900 1920 1930 1940 1943 1945 1947 1948 1949 1949 1959 1962 1966 1968 1973 1975 1980 1987 1993 2000 2002 2005 2007 2009 2011 2014 2016 2018 2020 2035 2050 2064 2079 2087 2100 2120 2140 2160 2179 2200 2230 2260 2265 2270 2275 2280 2300 2308 2316 2324 2332 2340 2350 2356 2368 2380 2390 2400 2420 2425 2426 2428 2429 2471
1775 1780 1790 1800 2147 2407 2840 2513 2187 1860 1865 1867 1873 1875 1880 1886 1888 1893 1895 1900 1920 1930 1940 1943 1945 1948 1949 1951 1951 1951 1970 1972 1969 1973 1975 1980 1985 1988 1994 2000 2002 2005 2007 2010 2012 2014 2017 2018 2020 2036 2052 2068 2084 2100 2110 2120 2140 2160 2180 2200 2230 2260 2265 2270 2275 2280 2300 2307 2315 2322 2330 2333 2340 2353 2367 2380 2390 2400 2420 2426 2430 2431 2432 2469
1780 1787 1792 1800 2147 2493 2840 2432 2187 1860 1866 1872 1875 1880 1886 1890 1894 1895 1900 1920 1927 1932 1940 1944 1947 1950 1952 1954 1954 1968 1970 1973 1975 1977 1980 1984 1986 1991 1995 2000 2002 2005 2008 2010 2013 2015 2017 2020 2034 2042 2057 2070 2085 2100 2110 2120 2140 2160 2180 2200 2230 2260 2265 2270 2275 2280 2300 2307 2314 2321 2327 2333 2340 2353 2367 2380 2390 2400 2420 2428 2433 2434 2433 2468
1780 1788 1793 1800 2147 2493 2840 2350 1860 1866 1870 1874 1880 1887 1890 1894 1900 1900 1910 1920 1928 1933 1940 1944 1948 1951 1955 1957 1965 1968 1971 1973 1976 1977 1980 1984 1988 1992 1996 2000 2002 2005 2008 2010 2013 2015 2017 2020 2035 2050 2063 2078 2086 2100 2110 2120 2140 2160 2180 2200 2230 2260 2265 2270 2275 2280 2300 2307 2313 2319 2326 2333 2340 2353 2367 2380 2390 2400 2420 2430 2440 2436 2434 2466
1780 1790 1800 2106 2320 2534 2840 2350 1860 1868 1873 1880 1888 1892 1894 1900 1908 1910 1920 1927 1932 1940 1944 1947 1950 1954 1956 1960 1964 1967 1971 1975 1977 1980 1983 1985 1989 1993 1996 2000 2002 2005 2008 2010 2013 2015 2017 2020 2036 2052 2068 2084 2100 2107 2112 2120 2140 2160 2180 2200 2230 2260 2265 2270 2275 2280 2300 2307 2310 2318 2325 2333 2340 2353 2363 2380 2390 2400 2420 2430 2440 2437 2457 2466
1788 1792 1800 2233 2493 2840 2350 1860 1868 1872 1880 1888 1892 1900 1900 1907 1912 1920 1925 1928 1934 1940 1945 1949 1953 1956 1960 1964 1965 1969 1973 1976 1980 1983 1984 1988 1990 1993 1997 2000 2002 2005 2008 2010 2013 2015 2017 2020 2036 2052 2068 2084 2100 2107 2113 2120 2140 2160 2180 2200 2230 2260 2265 2270 2275 2280 2290 2300 2307 2315 2322 2330 2333 2340 2360 2380 2390 2400 2420 2430 2440 2437 2457 2466
1792 1800 2147 2407 2840 2350 1860 1868 1872 1880 1888 1892 1900 1905 1906 1910 1914 1920 1926 1932 1935 1940 1946 1952 1955 1960 1963 1965 1969 1971 1975 1977 1980 1983 1986 1988 1991 1994 1997 2000 2002 2005 2008 2010 2013 2015 2017 2020 2037 2053 2068 2084 2100 2107 2113 2120 2140 2160 2180 2200 2230 2260 2265 2270 2275 2280 2290 2300 2307 2314 2321 2327 2333 2340 2360 2380 2390 2400 2420 2430 2440 2449 2457 2466
1793 1800 2233 2493 2840 2350 1860 1870 1880 1888 1892 1900 1905 1907 1912 1914 1920 1925 1928 1934 1940 1945 1948 1954 1960 1963 1965 1968 1971 1975 1976 1980 1982 1984 1986 1989 1992 1994 1997 2000 2002 2005 2008 2010 2013 2015 2017 2020 2038 2056 2075 2084 2100 2107 2113 2120 2140 2160 2180 2200 2230 2260 2265 2270 2275 2280 2290 2300 2307 2313 2319 2326 2333 2340 2360 2380 2390 2400 2420 2430 2440 2449 2457 2466
1800 2147 2407 2840 2350 1860 1870 1880 1888 1892 1900 1905 1907 1913 1915 1920 1924 1927 1931 1935 1940 1945 1950 1955 1960 1963 1967 1970 1973 1976 1980 1982 1983 1986 1987 1990 1992 1995 1997 2000 2002 2005 2008 2010 2013 2015 2017 2020 2041 2060 2080 2100 2105 2108 2114 2120 2140 2160 2180 2200 2230 2260 2265 2270 2275 2280 2290 2300 2307 2310 2318 2325 2332 2340 2360 2380 2390 2400 2420 2430 2440 2449 2457 2466
1800 2233 2493 2840 1860 1868 1872 1880 1890 1900 1904 1906 1911 1915 1920 1920 1925 1929 1933 1936 1940 1946 1952 1955 1960 1964 1967 1971 1975 1977 1980 1982 1984 1986 1989 1990 1993 1995 1997 2000 2003 2005 2008 2010 2013 2015 2017 2020 2044 2067 2080 2100 2105 2110 2115 2120 2140 2160 2180 2200 2230 2260 2265 2270 2275 2280 2288 2293 2300 2308 2316 2323 2332 2340 2360 2380 2390 2400 2420 2430 2440 2449 2458 2466
1800 2320 2840 2350 1860 1870 1880 1888 1892 1900 1904 1908 1912 1916 1920 1925 1927 1933 1935 1940 1945 1948 1954 1960 1960 1964 1968 1972 1976 1980 1982 1983 1985 1987 1989 1992 1993 1995 1998 2000 2003 2005 2008 2011 2014 2016 2017 2020 2047 2073 2100 2104 2106 2111 2115 2120 2140 2160 2180 2200 2230 2260 2265 2270 2275 2280 2287 2293 2300 2308 2313 2322 2331 2340 2360 2380 2390 2400 2420 2430 2440 2450 2459 2468
2320 2840 2350 1860 1870 1880 1888 1892 1900 1904 1906 1910 1914 1916 1920 1926 1932 1935 1940 1944 1947 1951 1955 1960 1963 1965 1969 1973 1976 1980 1982 1984 1986 1988 1990 1992 1995 1997 1998 2000 2003 2006 2009 2011 2014 2017 2020 2040 2053 2076 2100 2104 2108 2112 2116 2120 2140 2160 2180 2200 2230 2260 2265 2270 2275 2280 2286 2292 2295 2300 2310 2320 2329 2340 2360 2380 2390 2400 2420 2430 2440 2450 2461 2471
2407 2840 2350 1860 1870 1880 1890 1900 1903 1905 1909 1912 1916 1920 1925 1928 1934 1940 1944 1946 1950 1953 1956 1960 1963 1967 1970 1973 1977 1980 1982 1984 1987 1989 1991 1993 1996 1998 2000 2002 2004 2006 2009 2012 2015 2017 2020 2040 2060 2079 2100 2104 2108 2112 2116 2120 2140 2160 2180 2200 2230 2260 2265 2270 2275 2280 2285 2290 2295 2300 2310 2316 2328 2340 2360 2380 2390 2400 2420 2430 2440 2451 2462 2473
2840 2350 1860 1870 1880 1888 1892 1900 1904 1907 1910 1913 1916 1920 1926 1932 1935 1940 1944 1948 1952 1956 1960 1963 1964 1967 1971 1974 1977 1980 1982 1984 1987 1989 1991 1993 1996 1998 2000 2002 2005 2007 2010 2012 2015 2017 2020 2040 2060 2080 2100 2104 2108 2112 2116 2120 2140 2160 2180 2200 2230 2260 2265 2270 2275 2280 2285 2289 2294 2296 2300 2313 2327 2340 2360 2380 2390 2400 2420 2430 2440 2452 2464 2476
2840 2350 1860 1870 1880 1890 1900 1904 1905 1909 1912 1915 1917 1920 1928 1933 1940 1944 1946 1950 1954 1956 1960 1963 1966 1968 1972 1974 1977 1980 1982 1985 1987 1989 1991 1994 1996 1998 2000 2002 2005 2008 2010 2013 2015 2017 2020 2040 2060 2080 2100 2104 2108 2112 2116 2120 2140 2160 2180 2200 2230 2260 2265 2270 2275 2280 2284 2288 2292 2296 2300 2313 2323 2340 2360 2380 2390 2400 2420 2430 2440 2452 2464 2476
2840 1860 1870 1880 1890 1900 1904 1905 1909 1911 1915 1917 1920 1927 1932 1940 1944 1945 1949 1952 1956 1960 1963 1965 1968 1971 1973 1976 1977 1980 1982 1985 1987 1990 1992 1994 1997 1998 2000 2002 2005 2008 2010 2013 2015 2017 2020 2040 2060 2080 2100 2104 2108 2112 2116 2120 2140 2160 2180 2200 2230 2260 2265 2270 2275 2280 2284 2286 2290 2294 2296 2300 2317 2327 2340 2380 2390 2400 2420 2430 2440 2452 2464 2476
2840 1860 1870 1880 1890 1900 1904 1908 1911 1915 1916 1920 1926 1930 1934 1940 1944 1948 1951 1955 1956 1960 1963 1966 1969 1972 1975 1977 1980 1980 1982 1985 1988 1990 1993 1995 1997 2000 2002 2003 2006 2008 2010 2013 2015 2018 2020 2040 2060 2080 2100 2104 2108 2112 2116 2120 2140 2160 2180 2200 2230 2260 2265 2269 2274 2276 2280 2284 2288 2292 2296 2300 2313 2323 2340 2380 2390 2400 2420 2430 2440 2452 2464 2476
1860 1870 1880 1890 1900 1904 1907 1910 1914 1916 1920 1926 1930 1934 1940 1944 1947 1950 1954 1956 1960 1963 1965 1968 1971 1974 1977 1980 1982 1982 1983 1986 1988 1990 1993 1995 1998 2000 2002 2004 2006 2009 2011 2013 2015 2018 2020 2040 2060 2080 2100 2104 2108 2112 2116 2120 2140 2160 2180 2200 2230 2260 2264 2268 2272 2276 2280 2284 2286 2290 2294 2296 2300 2320 2340 2380 2390 2400 2420 2430 2440 2452 2464 2476
1860 1870 1880 1890 1900 1905 1909 1913 1916 1920 1926 1930 1934 1940 1944 1947 1950 1953 1956 1960 1960 1964 1967 1970 1972 1975 1977 1980 1982 1984 1985 1987 1989 1991 1993 1995 1998 2000 2002 2004 2007 2009 2011 2013 2016 2018 2020 2040 2060 2080 2100 2104 2108 2112 2116 2120 2140 2160 2180 2200 2230 2260 2264 2267 2271 2275 2277 2280 2284 2288 2292 2296 2300 2317 2360 2380 2390 2400 2420 2430 2440 2453 2465 2475
1860 1880 1888 1892 1900 1905 1910 1915 1920 1926 1930 1934 1940 1944 1947 1950 1953 1956 1960 1963 1964 1965 1969 1972 1975 1977 1980 1980 1982 1984 1986 1988 1990 1992 1994 1997 1998 2000 2002 2005 2007 2009 2011 2014 2016 2018 2020 2040 2060 2080 2100 2104 2108 2112 2116 2120 2140 2160 2179 2200 2230 2260 2263 2267 2270 2273 2277 2280 2284 2286 2291 2295 2300 2327 2353 2380 2390 2400 2420 2430 2440 2454 2462 2478
1870 1880 1890 1900 1905 1907 1913 1915 1920 1928 1933 1940 1944 1947 1950 1953 1956 1960 1963 1965 1967 1969 1971 1975 1977 1980 1982 1982 1983 1985 1987 1989 1991 1993 1995 1998 2000 2002 2003 2005 2008 2010 2012 2015 2017 2018 2020 2040 2060 2080 2100 2104 2108 2112 2116 2120 2140 2153 2176 2200 2230 2260 2263 2265 2268 2272 2275 2277 2280 2285 2290 2295 2300 2327 2353 2380 2390 2400 2420 2428 2433 2440 2460 2480
1870 1880 1890 1900 1906 1912 1915 1920 1928 1932 1940 1944 1947 1950 1953 1956 1960 1963 1965 1968 1970 1972 1975 1976 1980 1982 1982 1984 1985 1986 1988 1990 1992 1994 1996 1998 2000 2002 2004 2006 2009 2011 2013 2015 2018 2020 2036 2045 2064 2082 2100 2104 2107 2111 2115 2117 2120 2147 2173 2200 2225 2240 2260 2263 2267 2270 2273 2277 2280 2285 2290 2295 2300 2327 2353 2380 2390 2400 2420 2427 2433 2440 2460 2480
1880 1887 1892 1900 1908 1913 1920 1927 1932 1940 1944 1947 1950 1953 1956 1960 1963 1965 1968 1970 1972 1975 1977 1980 1982 1982 1984 1985 1986 1987 1988 1990 1992 1994 1996 1998 2000 2002 2004 2007 2009 2011 2013 2016 2018 2020 2036 2052 2067 2083 2100 2103 2107 2110 2113 2117 2120 2147 2173 2200 2220 2240 2260 2263 2267 2270 2273 2277 2280 2285 2288 2294 2300 2327 2347 2380 2390 2400 2420 2427 2433 2440 2460 2480
1880 1888 1893 1900 1910 1920 1926 1930 1934 1940 1945 1949 1953 1956 1960 1963 1965 1968 1970 1972 1975 1977 1980 1981 1982 1984 1984 1986 1987 1988 1989 1991 1992 1994 1996 1998 2000 2002 2004 2007 2009 2011 2013 2016 2018 2020 2036 2052 2068 2084 2100 2103 2107 2110 2113 2117 2120 2147 2173 2200 2220 2240 2260 2263 2265 2268 2272 2275 2277 2280 2286 2292 2295 2300 2340 2380 2390 2400 2420 2427 2433 2440 2460 2480
1880 1890 1900 1910 1920 1925 1928 1934 1940 1944 1946 1951 1955 1960 1963 1964 1967 1969 1972 1975 1977 1980 1981 1982 1983 1984 1986 1986 1988 1989 1990 1991 1993 1995 1996 1998 2000 2002 2004 2007 2009 2011 2013 2016 2018 2020 2036 2052 2068 2084 2100 2103 2105 2109 2113 2116 2120 2147 2173 2200 2218 2235 2244 2260 2263 2267 2270 2273 2277 2280 2285 2290 2295 2300 2320 2340 2380 2400 2420 2427 2433 2440 2460 2480
1880 1890 1900 1910 1920 1925 1930 1935 1940 1944 1948 1952 1956 1960 1963 1966 1968 1971 1974 1977 1980 1981 1982 1983 1984 1985 1986 1987 1988 1990 1991 1992 1993 1995 1996 1998 2000 2002 2004 2007 2009 2011 2013 2016 2018 2020 2035 2050 2064 2079 2087 2100 2104 2108 2112 2116 2120 2147 2173 2200 2216 2225 2242 2260 2263 2267 2270 2273 2277 2280 2285 2288 2294 2300 2320 2340 2380 2400 2420 2427 2433 2440 2465 2480
1880 1900 1910 1920 1925 1927 1933 1935 1940 1944 1948 1952 1956 1960 1963 1966 1969 1971 1974 1977 1980 1981 1982 1984 1985 1986 1987 1988 1989 1990 1991 1993 1994 1995 1997 1998 2000 2002 2004 2006 2009 2011 2013 2015 2018 2020 2034 2048 2061 2073 2087 2100 2104 2106 2111 2115 2120 2144 2160 2176 2200 2220 2240 2260 2263 2266 2269 2273 2276 2277 2280 2287 2293 2300 2320 2340 2380 2400 2420 2427 2433 2440 2470 2500
1880 1900 1910 1920 1925 1930 1935 1940 1943 1945 1949 1953 1956 1960 1963 1966 1969 1971 1974 1977 1980 1981 1982 1984 1985 1986 1987 1988 1989 1991 1992 1993 1994 1996 1997 1998 2000 2002 2003 2006 2008 2010 2013 2015 2017 2020 2033 2046 2058 2070 2083 2089 2100 2105 2109 2114 2116 2120 2147 2173 2200 2220 2240 2260 2263 2266 2268 2272 2274 2277 2280 2287 2293 2300 2340 2360 2380 2400 2420 2427 2433 2440 2470 2500
1880 1900 1910 1920 1925 1930 1935 1940 1943 1947 1950 1953 1957 1960 1963 1966 1969 1971 1974 1977 1980 1981 1982 1983 1985 1986 1987 1988 1990 1990 1991 1993 1994 1995 1996 1998 1998 2000 2003 2005 2007 2010 2013 2015 2017 2020 2032 2044 2055 2067 2077 2089 2100 2104 2108 2112 2116 2120 2147 2167 2200 2220 2235 2260 2263 2264 2268 2271 2274 2277 2280 2286 2290 2320 2340 2360 2380 2400 2420 2427 2432 2440 2470 2500
1880 1900 1910 1920 1925 1930 1935 1940 1943 1947 1950 1953 1957 1960 1963 1966 1969 1971 1974 1977 1980 1981 1982 1983 1984 1985 1987 1988 1989 1989 1991 1992 1993 1994 1995 1997 1998 2000 2003 2004 2007 2010 2013 2016 2017 2020 2031 2043 2054 2066 2077 2089 2100 2104 2107 2111 2115 2117 2120 2153 2173 2200 2225 2240 2260 2263 2266 2269 2273 2276 2277 2280 2290 2300 2340 2360 2380 2400 2410 2420 2430 2440 2470 2500
