LP-location/body_waves_topology/data/dem_10m.asc
ncols        900
nrows        900
xllcorner    522000.000000000000
yllcorner    1103000.000000000000
cellsize     10.000000000000
NODATA_value -32767
[rows 836 to 873 of 900, columns 252 to 335 of 900]
2380 2380 2380 2382 2382 2382 2383 2382 2382 2382 2380 2378 2377 2376 2376 2378 2378 2380 2380 2380 2382 2382 2382 2382 2382 2382 2382 2382 2382 2382 2383 2383 2384 2384 2384 2383 2381 2380 2377 2376 2373 2370 2367 2363 2360 2357 2354 2351 2348 2346 2346 2345 2345 2346 2345 2344 2344 2343 2342 2342 2340 2340 2340 2340 2340 2340 2340 2338 2338 2338 2338 2338 2338 2337 2336 2334 2333 2333 2331 2330 2329 2327 2327 2326
2378 2378 2378 2380 2380 2382 2382 2381 2380 2380 2378 2377 2375 2375 2375 2376 2377 2378 2378 2378 2380 2380 2380 2380 2380 2380 2380 2380 2380 2382 2382 2382 2383 2383 2383 2382 2381 2380 2376 2373 2372 2369 2366 2363 2360 2357 2353 2350 2348 2344 2343 2343 2343 2343 2342 2342 2342 2342 2340 2340 2338 2338 2338 2338 2338 2338 2338 2337 2336 2336 2336 2335 2335 2335 2334 2333 2331 2330 2329 2327 2326 2325 2325 2324
2376 2376 2377 2378 2378 2380 2381 2380 2378 2378 2377 2375 2374 2373 2373 2375 2376 2376 2376 2377 2377 2377 2376 2376 2375 2375 2375 2375 2376 2380 2380 2381 2381 2381 2381 2381 2380 2376 2374 2371 2369 2367 2366 2363 2360 2356 2353 2349 2345 2343 2340 2340 2340 2342 2340 2340 2340 2340 2338 2338 2337 2336 2336 2336 2336 2336 2336 2335 2334 2334 2333 2333 2333 2332 2331 2330 2329 2328 2327 2326 2324 2323 2323 2322
2374 2374 2374 2375 2376 2377 2380 2377 2376 2375 2374 2374 2372 2372 2372 2373 2374 2374 2374 2374 2374 2374 2373 2372 2371 2370 2370 2371 2373 2375 2376 2380 2380 2380 2380 2380 2375 2373 2370 2368 2367 2365 2363 2363 2360 2356 2352 2348 2344 2340 2338 2338 2338 2340 2337 2337 2337 2337 2337 2336 2335 2335 2335 2335 2334 2334 2334 2333 2332 2331 2331 2331 2330 2330 2329 2328 2327 2326 2325 2323 2322 2320 2320 2320
2372 2371 2372 2373 2374 2376 2377 2376 2374 2373 2372 2371 2371 2370 2371 2371 2372 2373 2372 2372 2372 2371 2370 2369 2366 2365 2365 2367 2369 2371 2373 2375 2375 2375 2375 2375 2373 2369 2367 2364 2364 2363 2360 2360 2357 2355 2351 2347 2344 2340 2338 2336 2337 2337 2336 2335 2335 2335 2334 2334 2333 2333 2333 2333 2332 2332 2332 2331 2330 2329 2329 2329 2328 2327 2326 2325 2325 2324 2323 2322 2320 2318 2318 2318
2370 2369 2370 2370 2372 2373 2373 2373 2372 2370 2370 2369 2369 2369 2369 2369 2370 2371 2371 2370 2370 2368 2367 2365 2364 2360 2360 2364 2365 2367 2369 2370 2370 2370 2370 2370 2367 2365 2364 2360 2360 2360 2356 2356 2355 2352 2350 2347 2343 2340 2337 2335 2334 2335 2334 2333 2333 2333 2332 2331 2331 2331 2331 2331 2331 2330 2330 2329 2328 2327 2327 2326 2326 2325 2324 2323 2322 2322 2320 2320 2320 2317 2316 2316
2368 2367 2367 2368 2369 2369 2370 2369 2369 2368 2367 2367 2367 2367 2367 2368 2369 2369 2369 2369 2368 2366 2364 2363 2360 2359 2359 2360 2360 2364 2365 2365 2365 2365 2365 2365 2365 2360 2360 2355 2355 2355 2354 2352 2351 2350 2349 2346 2343 2340 2337 2336 2333 2332 2331 2330 2330 2330 2330 2329 2329 2329 2329 2329 2329 2328 2328 2327 2326 2325 2324 2324 2323 2323 2322 2320 2320 2320 2317 2317 2317 2316 2314 2313
2365 2365 2365 2366 2366 2366 2367 2366 2366 2366 2365 2365 2364 2365 2365 2366 2367 2368 2368 2367 2366 2365 2363 2360 2359 2358 2358 2359 2359 2360 2360 2360 2360 2360 2360 2360 2360 2355 2354 2352 2350 2350 2349 2348 2347 2347 2346 2346 2344 2343 2340 2336 2333 2331 2329 2328 2328 2328 2327 2327 2327 2327 2327 2327 2327 2327 2326 2325 2324 2323 2322 2322 2322 2320 2320 2317 2317 2317 2316 2314 2314 2314 2313 2311
2363 2363 2363 2363 2363 2363 2363 2363 2363 2363 2363 2363 2362 2363 2364 2364 2365 2366 2367 2366 2365 2363 2363 2360 2359 2358 2357 2357 2358 2358 2358 2358 2358 2357 2357 2356 2355 2353 2348 2346 2345 2345 2345 2344 2344 2343 2343 2343 2343 2340 2337 2335 2331 2328 2326 2325 2325 2325 2325 2325 2325 2325 2325 2325 2325 2325 2324 2323 2322 2322 2320 2320 2320 2317 2317 2316 2314 2314 2313 2312 2311 2311 2310 2310
2362 2360 2360 2360 2360 2360 2360 2360 2360 2360 2360 2360 2360 2362 2362 2363 2364 2364 2365 2365 2364 2362 2360 2359 2358 2357 2356 2356 2356 2357 2356 2356 2356 2355 2354 2353 2352 2349 2345 2340 2340 2340 2340 2340 2340 2340 2340 2340 2342 2340 2336 2333 2329 2325 2323 2323 2323 2323 2322 2322 2323 2324 2324 2324 2324 2323 2322 2322 2320 2320 2318 2317 2317 2316 2314 2313 2312 2311 2310 2309 2309 2308 2308 2307
2360 2359 2359 2359 2359 2359 2359 2359 2359 2359 2359 2359 2359 2360 2360 2362 2362 2362 2363 2364 2363 2362 2360 2359 2358 2357 2355 2355 2355 2355 2355 2355 2354 2353 2353 2351 2350 2347 2344 2340 2339 2339 2339 2338 2338 2338 2338 2338 2340 2337 2335 2331 2327 2324 2320 2320 2320 2320 2320 2320 2322 2322 2322 2322 2322 2322 2320 2320 2318 2318 2317 2315 2315 2314 2312 2311 2309 2308 2307 2306 2306 2305 2305 2305
2359 2358 2358 2358 2358 2358 2358 2358 2358 2358 2358 2358 2358 2359 2359 2360 2360 2362 2362 2362 2362 2360 2360 2359 2357 2356 2355 2354 2354 2354 2354 2353 2353 2352 2351 2350 2349 2346 2343 2340 2339 2337 2337 2337 2337 2336 2336 2337 2337 2336 2333 2330 2327 2323 2320 2318 2317 2317 2317 2317 2320 2320 2320 2320 2320 2320 2317 2317 2317 2316 2315 2313 2313 2311 2310 2308 2307 2306 2304 2303 2303 2303 2303 2302
2358 2357 2357 2357 2357 2357 2357 2357 2357 2357 2357 2357 2357 2358 2358 2359 2359 2360 2360 2362 2360 2359 2359 2358 2357 2355 2354 2353 2353 2353 2353 2352 2352 2351 2350 2349 2348 2345 2343 2340 2339 2337 2336 2336 2335 2335 2335 2335 2335 2334 2332 2329 2326 2323 2320 2317 2315 2315 2314 2315 2316 2316 2316 2316 2316 2316 2315 2314 2314 2314 2312 2312 2310 2309 2307 2306 2304 2303 2303 2300 2300 2300 2300 2300
2357 2357 2356 2356 2356 2356 2356 2356 2356 2356 2356 2356 2356 2357 2357 2357 2358 2359 2359 2360 2358 2358 2357 2357 2356 2355 2354 2353 2352 2352 2352 2351 2351 2350 2349 2348 2346 2345 2343 2340 2338 2337 2336 2335 2334 2334 2334 2333 2333 2332 2330 2328 2326 2323 2320 2317 2315 2313 2312 2312 2313 2312 2312 2312 2312 2313 2312 2312 2312 2311 2311 2309 2309 2307 2306 2304 2303 2300 2300 2298 2298 2298 2298 2298
2357 2356 2355 2355 2355 2355 2355 2354 2354 2354 2354 2355 2355 2355 2356 2356 2357 2357 2358 2358 2358 2356 2356 2355 2354 2354 2353 2352 2351 2351 2351 2350 2350 2349 2348 2347 2345 2343 2342 2340 2338 2337 2336 2335 2333 2333 2333 2332 2332 2331 2329 2327 2325 2323 2320 2317 2314 2312 2310 2309 2309 2308 2308 2308 2308 2309 2309 2309 2310 2309 2308 2308 2306 2305 2303 2302 2300 2298 2298 2297 2296 2296 2296 2296
2355 2355 2354 2354 2354 2354 2353 2353 2353 2353 2353 2354 2354 2354 2355 2355 2355 2356 2356 2357 2356 2356 2354 2354 2353 2352 2352 2351 2350 2349 2349 2349 2348 2348 2347 2345 2344 2342 2340 2338 2338 2336 2335 2334 2333 2332 2332 2331 2331 2330 2328 2327 2325 2323 2320 2317 2314 2311 2308 2307 2305 2304 2304 2304 2304 2305 2306 2307 2307 2307 2306 2305 2304 2303 2302 2300 2297 2297 2295 2295 2294 2293 2293 2293
2355 2354 2354 2353 2353 2353 2352 2352 2352 2352 2352 2353 2353 2353 2353 2354 2354 2354 2355 2355 2355 2354 2354 2352 2352 2351 2350 2350 2349 2348 2348 2348 2347 2346 2346 2345 2344 2342 2340 2338 2336 2335 2334 2333 2332 2331 2331 2330 2330 2329 2327 2326 2324 2322 2320 2317 2314 2311 2308 2305 2303 2300 2300 2300 2300 2303 2303 2304 2305 2305 2304 2303 2302 2302 2300 2297 2296 2294 2293 2292 2291 2291 2291 2291
2354 2353 2353 2352 2352 2351 2351 2351 2351 2351 2351 2351 2352 2352 2352 2353 2353 2353 2353 2354 2353 2352 2352 2352 2350 2350 2349 2348 2348 2347 2346 2346 2346 2346 2344 2344 2343 2342 2340 2338 2336 2335 2333 2332 2331 2330 2329 2330 2329 2328 2327 2325 2324 2322 2320 2317 2315 2311 2307 2304 2300 2298 2297 2297 2297 2300 2300 2303 2302 2302 2302 2302 2300 2300 2297 2296 2294 2293 2291 2290 2289 2289 2289 2289
2353 2352 2352 2351 2351 2350 2350 2350 2350 2350 2350 2350 2351 2351 2351 2351 2351 2352 2352 2352 2351 2351 2351 2350 2349 2348 2348 2347 2346 2346 2345 2345 2344 2344 2344 2342 2342 2342 2340 2337 2336 2334 2333 2332 2330 2329 2329 2328 2328 2327 2327 2325 2324 2322 2322 2320 2316 2312 2308 2304 2300 2298 2295 2295 2296 2297 2296 2300 2300 2300 2300 2300 2296 2296 2295 2292 2292 2290 2290 2288 2287 2287 2287 2287
2352 2351 2351 2350 2350 2349 2349 2349 2349 2349 2349 2349 2349 2350 2350 2350 2350 2350 2350 2350 2350 2349 2349 2348 2348 2347 2346 2346 2345 2344 2344 2343 2343 2343 2342 2342 2340 2340 2337 2336 2334 2333 2332 2330 2329 2328 2327 2327 2327 2326 2326 2325 2323 2322 2320 2317 2315 2311 2307 2304 2300 2298 2295 2293 2293 2293 2294 2295 2295 2295 2295 2295 2294 2292 2291 2290 2289 2288 2287 2286 2285 2284 2284 2284
2351 2350 2350 2349 2349 2348 2348 2348 2348 2348 2348 2348 2348 2349 2349 2349 2348 2349 2349 2349 2348 2348 2348 2347 2346 2346 2345 2344 2344 2343 2343 2342 2341 2341 2341 2340 2337 2337 2336 2334 2333 2331 2330 2329 2328 2327 2326 2326 2325 2324 2324 2324 2323 2322 2320 2317 2313 2310 2307 2303 2300 2297 2295 2292 2291 2290 2290 2290 2290 2290 2290 2290 2289 2288 2287 2287 2286 2286 2285 2284 2282 2282 2282 2282
2349 2349 2349 2348 2348 2348 2347 2347 2347 2347 2347 2347 2347 2347 2347 2347 2347 2347 2347 2347 2346 2346 2346 2346 2345 2344 2344 2343 2342 2341 2341 2341 2340 2340 2340 2337 2336 2334 2333 2332 2330 2330 2329 2328 2326 2325 2325 2324 2324 2323 2323 2323 2322 2321 2320 2317 2313 2310 2307 2303 2300 2297 2295 2292 2289 2288 2286 2285 2285 2285 2285 2285 2285 2284 2284 2283 2283 2283 2283 2282 2280 2280 2280 2280
2348 2348 2348 2347 2347 2346 2346 2346 2346 2346 2346 2346 2346 2346 2346 2346 2346 2346 2346 2345 2345 2345 2345 2344 2344 2343 2342 2342 2341 2340 2340 2340 2337 2337 2337 2336 2333 2332 2330 2329 2328 2327 2327 2326 2325 2324 2323 2323 2322 2321 2321 2321 2321 2320 2317 2316 2313 2309 2306 2303 2300 2297 2294 2291 2289 2286 2284 2280 2280 2280 2280 2280 2280 2280 2280 2280 2280 2280 2280 2280 2277 2277 2277 2277
2347 2347 2346 2346 2346 2346 2345 2344 2344 2344 2345 2345 2345 2345 2345 2345 2344 2344 2344 2344 2343 2343 2343 2343 2342 2341 2341 2340 2340 2338 2337 2337 2336 2334 2334 2333 2332 2328 2327 2326 2326 2325 2325 2324 2323 2322 2322 2322 2322 2320 2320 2320 2320 2320 2317 2314 2312 2309 2306 2303 2300 2297 2294 2292 2289 2286 2283 2280 2278 2278 2277 2277 2277 2277 2277 2276 2276 2276 2276 2276 2275 2274 2274 2275
2346 2346 2345 2345 2345 2344 2344 2343 2343 2343 2343 2343 2344 2344 2344 2343 2343 2343 2343 2342 2342 2342 2342 2341 2341 2340 2340 2337 2337 2337 2335 2335 2334 2332 2331 2330 2328 2327 2324 2323 2323 2323 2323 2322 2322 2320 2320 2320 2320 2318 2318 2318 2318 2317 2316 2314 2311 2308 2306 2303 2300 2297 2296 2292 2289 2286 2283 2280 2278 2276 2275 2275 2274 2274 2273 2273 2272 2272 2272 2272 2272 2272 2271 2272
2345 2344 2344 2344 2344 2343 2343 2342 2342 2342 2342 2342 2342 2342 2343 2342 2341 2341 2341 2342 2340 2340 2340 2340 2340 2337 2337 2336 2335 2334 2333 2332 2331 2330 2328 2327 2326 2324 2323 2320 2320 2320 2320 2320 2320 2319 2318 2318 2318 2318 2317 2316 2316 2316 2315 2313 2311 2308 2306 2304 2302 2300 2297 2293 2290 2287 2283 2280 2278 2276 2273 2273 2272 2271 2270 2269 2268 2268 2268 2268 2268 2268 2269 2269
2343 2343 2343 2343 2343 2342 2342 2341 2341 2341 2341 2341 2341 2341 2341 2341 2340 2340 2340 2340 2337 2337 2337 2337 2337 2336 2334 2334 2333 2332 2331 2330 2329 2327 2326 2324 2323 2323 2320 2319 2319 2319 2319 2318 2318 2318 2317 2317 2317 2316 2315 2315 2315 2314 2313 2312 2311 2308 2306 2304 2302 2300 2297 2293 2290 2287 2283 2280 2278 2275 2273 2271 2270 2268 2268 2265 2264 2264 2264 2264 2265 2266 2266 2266
2342 2342 2341 2341 2341 2341 2341 2340 2340 2340 2340 2340 2340 2340 2340 2340 2337 2337 2337 2337 2336 2334 2334 2333 2333 2333 2332 2331 2330 2330 2329 2327 2326 2325 2324 2323 2320 2320 2319 2318 2317 2317 2317 2317 2317 2316 2316 2315 2315 2314 2314 2313 2313 2313 2312 2311 2310 2308 2306 2304 2302 2300 2297 2293 2290 2287 2283 2280 2278 2275 2273 2270 2268 2266 2264 2263 2260 2260 2260 2260 2263 2263 2263 2264
2340 2340 2340 2340 2340 2340 2340 2337 2337 2337 2337 2337 2337 2337 2337 2336 2335 2333 2333 2333 2333 2332 2331 2330 2330 2329 2329 2328 2328 2327 2327 2326 2324 2323 2323 2320 2319 2319 2318 2317 2316 2316 2316 2316 2315 2315 2314 2314 2313 2313 2312 2312 2312 2312 2311 2310 2309 2308 2306 2304 2302 2300 2297 2293 2290 2287 2283 2280 2277 2275 2273 2270 2268 2265 2263 2260 2258 2258 2258 2258 2260 2260 2260 2262
2338 2338 2338 2338 2337 2337 2337 2336 2335 2334 2334 2334 2334 2334 2333 2333 2331 2330 2330 2330 2329 2328 2328 2327 2327 2326 2326 2326 2325 2325 2325 2323 2322 2320 2320 2318 2318 2317 2317 2316 2315 2315 2315 2314 2314 2313 2313 2312 2312 2311 2310 2310 2310 2310 2310 2309 2308 2307 2305 2304 2302 2300 2296 2293 2289 2285 2283 2280 2277 2275 2273 2270 2268 2265 2262 2260 2258 2256 2255 2256 2257 2257 2257 2260
2336 2336 2336 2335 2335 2335 2334 2333 2332 2331 2331 2331 2331 2331 2330 2329 2327 2327 2327 2327 2326 2326 2324 2323 2323 2323 2323 2323 2323 2323 2322 2322 2320 2318 2318 2318 2316 2316 2315 2315 2314 2314 2313 2313 2313 2312 2311 2310 2310 2310 2309 2308 2308 2308 2308 2309 2308 2306 2305 2304 2302 2300 2296 2292 2288 2284 2280 2278 2277 2274 2272 2270 2267 2265 2262 2260 2257 2255 2253 2254 2254 2254 2256 2257
2335 2334 2334 2333 2333 2332 2332 2331 2329 2329 2329 2329 2329 2328 2328 2325 2324 2323 2323 2323 2323 2323 2323 2320 2320 2320 2320 2320 2320 2320 2320 2320 2318 2318 2317 2316 2316 2314 2314 2314 2313 2313 2312 2312 2311 2310 2310 2309 2309 2308 2307 2307 2307 2307 2307 2307 2307 2306 2304 2303 2302 2300 2296 2292 2288 2284 2280 2278 2276 2274 2271 2269 2267 2265 2262 2260 2257 2256 2253 2251 2251 2252 2253 2254
2333 2332 2332 2331 2330 2330 2329 2328 2327 2326 2326 2326 2326 2326 2324 2323 2320 2320 2320 2320 2320 2320 2320 2318 2318 2318 2318 2318 2318 2318 2318 2318 2318 2316 2315 2315 2314 2314 2313 2312 2312 2312 2311 2311 2310 2309 2308 2308 2307 2306 2306 2305 2305 2305 2305 2306 2306 2305 2304 2302 2302 2300 2296 2292 2288 2284 2280 2278 2276 2274 2271 2269 2267 2265 2263 2262 2260 2256 2253 2251 2249 2249 2249 2251
2331 2330 2330 2329 2329 2327 2326 2325 2324 2323 2323 2323 2323 2323 2323 2320 2318 2318 2318 2318 2318 2318 2318 2317 2316 2316 2316 2316 2316 2316 2316 2316 2316 2315 2314 2313 2313 2312 2312 2311 2311 2310 2310 2309 2309 2308 2307 2306 2306 2305 2304 2303 2303 2303 2304 2304 2304 2304 2303 2301 2300 2297 2295 2291 2287 2284 2280 2277 2275 2273 2272 2270 2268 2266 2264 2262 2260 2256 2252 2249 2247 2246 2246 2247
2329 2328 2328 2327 2326 2326 2324 2323 2323 2320 2320 2320 2320 2320 2320 2318 2318 2317 2317 2316 2316 2316 2316 2315 2315 2315 2315 2315 2315 2315 2315 2315 2314 2313 2313 2311 2311 2311 2310 2310 2309 2309 2308 2308 2308 2307 2306 2306 2304 2304 2302 2302 2302 2302 2302 2303 2303 2303 2303 2301 2300 2297 2293 2290 2287 2283 2280 2277 2275 2273 2271 2270 2268 2266 2264 2262 2260 2255 2251 2246 2244 2243 2243 2244
2327 2326 2326 2325 2324 2323 2323 2320 2320 2319 2318 2318 2318 2318 2318 2318 2316 2315 2315 2315 2314 2314 2314 2313 2313 2313 2313 2313 2313 2313 2313 2313 2312 2311 2311 2310 2310 2309 2309 2309 2308 2308 2307 2307 2306 2306 2305 2304 2304 2302 2302 2300 2300 2300 2301 2301 2301 2301 2302 2301 2300 2297 2293 2290 2287 2283 2280 2277 2274 2271 2270 2269 2268 2266 2264 2262 2260 2254 2248 2245 2240 2240 2240 2243
2325 2324 2324 2323 2322 2322 2320 2319 2319 2318 2317 2317 2317 2317 2316 2316 2315 2314 2313 2313 2313 2312 2312 2312 2311 2311 2311 2311 2311 2311 2311 2311 2310 2310 2309 2309 2308 2308 2307 2307 2307 2307 2306 2306 2305 2305 2304 2303 2302 2301 2300 2298 2298 2298 2300 2300 2300 2300 2301 2300 2300 2296 2293 2290 2287 2283 2280 2276 2273 2270 2269 2268 2266 2265 2263 2262 2260 2253 2247 2240 2238 2238 2238 2240
2323 2322 2322 2322 2320 2320 2319 2318 2317 2316 2316 2315 2315 2315 2315 2314 2313 2313 2311 2311 2311 2310 2310 2310 2309 2309 2309 2309 2309 2309 2309 2309 2309 2308 2307 2307 2307 2306 2306 2306 2306 2305 2305 2305 2304 2303 2303 2302 2301 2300 2298 2298 2296 2297 2298 2298 2297 2297 2300 2297 2296 2295 2291 2288 2285 2283 2280 2275 2271 2268 2267 2266 2265 2263 2262 2260 2255 2252 2246 2240 2238 2237 2238 2238
