LP-location/body_waves_topology/data/dem_10m.asc
ncols        900
nrows        900
xllcorner    522000.000000000000
yllcorner    1103000.000000000000
cellsize     10.000000000000
NODATA_value -32767
[rows 836 to 873 of 900, columns 84 to 167 of 900]
2705 2700 2680 2680 2670 2660 2655 2652 2646 2640 2636 2634 2631 2628 2625 2623 2620 2616 2614 2611 2608 2606 2603 2600 2596 2593 2590 2587 2583 2580 2576 2573 2570 2568 2566 2565 2563 2562 2560 2555 2553 2550 2548 2545 2543 2543 2543 2540 2535 2533 2529 2527 2524 2520 2516 2514 2510 2506 2504 2500 2495 2490 2485 2480 2476 2472 2469 2465 2463 2460 2454 2448 2445 2440 2437 2436 2434 2432 2430 2428 2426 2424 2423 2420
2700 2690 2680 2672 2668 2660 2654 2648 2645 2640 2635 2631 2628 2625 2623 2620 2616 2613 2610 2608 2605 2603 2603 2600 2595 2592 2589 2585 2583 2580 2575 2571 2568 2565 2563 2563 2562 2560 2555 2553 2549 2547 2544 2544 2540 2540 2540 2534 2532 2527 2525 2524 2523 2520 2516 2512 2508 2504 2500 2496 2494 2489 2485 2480 2475 2471 2466 2464 2460 2455 2452 2446 2440 2438 2437 2434 2433 2430 2428 2426 2424 2423 2420 2420
2690 2680 2672 2668 2660 2654 2650 2646 2640 2634 2632 2627 2625 2624 2620 2615 2613 2610 2607 2604 2604 2600 2600 2594 2592 2589 2586 2584 2580 2574 2572 2567 2565 2564 2560 2560 2560 2555 2553 2547 2545 2544 2540 2540 2535 2534 2533 2530 2526 2525 2520 2520 2520 2516 2513 2510 2506 2504 2500 2496 2492 2488 2484 2480 2475 2470 2465 2460 2456 2454 2449 2445 2440 2438 2435 2433 2430 2429 2426 2424 2423 2420 2417 2417
2680 2670 2668 2660 2654 2650 2646 2640 2634 2630 2626 2625 2620 2620 2614 2612 2609 2607 2604 2600 2600 2594 2593 2590 2586 2585 2584 2580 2574 2570 2566 2565 2560 2560 2555 2554 2553 2552 2547 2545 2540 2540 2533 2533 2532 2528 2527 2526 2520 2520 2515 2515 2515 2514 2510 2507 2504 2500 2497 2495 2491 2487 2484 2480 2475 2470 2465 2460 2456 2452 2448 2444 2440 2437 2435 2432 2430 2427 2425 2423 2420 2417 2416 2414
2670 2660 2660 2653 2650 2646 2640 2633 2630 2626 2620 2620 2614 2613 2610 2606 2605 2604 2600 2594 2593 2590 2587 2586 2580 2580 2580 2573 2570 2566 2560 2560 2555 2554 2552 2548 2547 2546 2545 2540 2533 2532 2528 2527 2526 2525 2520 2520 2515 2514 2512 2510 2510 2509 2508 2504 2500 2497 2496 2493 2490 2487 2483 2480 2475 2470 2465 2460 2456 2452 2448 2444 2440 2437 2435 2432 2429 2426 2424 2422 2420 2417 2415 2412
2660 2653 2652 2648 2646 2640 2630 2628 2626 2620 2613 2613 2610 2607 2606 2600 2600 2600 2594 2590 2587 2586 2580 2580 2573 2573 2572 2568 2566 2560 2554 2553 2552 2548 2546 2545 2540 2540 2540 2540 2530 2527 2520 2520 2520 2520 2513 2513 2512 2508 2506 2505 2505 2505 2504 2504 2500 2496 2493 2492 2489 2486 2483 2480 2475 2470 2465 2460 2456 2452 2448 2444 2440 2437 2434 2431 2429 2426 2423 2420 2417 2416 2414 2411
2652 2648 2647 2640 2640 2630 2620 2620 2620 2610 2608 2607 2606 2600 2600 2595 2594 2593 2590 2586 2580 2580 2572 2570 2568 2567 2567 2560 2560 2560 2552 2547 2546 2545 2540 2540 2530 2530 2530 2520 2520 2520 2514 2513 2512 2510 2508 2507 2506 2505 2500 2500 2500 2500 2500 2500 2495 2494 2491 2490 2488 2486 2483 2480 2475 2470 2465 2460 2456 2452 2448 2444 2440 2437 2434 2431 2429 2426 2423 2420 2417 2415 2413 2410
2648 2640 2640 2630 2630 2620 2612 2610 2610 2600 2600 2600 2600 2595 2594 2592 2588 2587 2586 2580 2573 2572 2568 2560 2560 2560 2560 2555 2554 2552 2548 2540 2540 2540 2530 2520 2520 2520 2520 2515 2514 2513 2510 2507 2507 2500 2500 2500 2500 2500 2496 2495 2495 2494 2493 2493 2492 2489 2488 2488 2487 2485 2483 2480 2475 2470 2465 2460 2456 2452 2448 2444 2440 2437 2434 2431 2428 2426 2423 2420 2417 2415 2412 2410
2640 2630 2620 2620 2620 2612 2608 2600 2600 2595 2595 2595 2595 2593 2588 2586 2585 2580 2580 2572 2568 2567 2560 2555 2554 2553 2553 2552 2548 2547 2540 2532 2530 2520 2520 2516 2515 2515 2515 2513 2508 2507 2506 2500 2500 2497 2496 2496 2496 2495 2493 2491 2490 2488 2487 2487 2486 2485 2484 2485 2486 2484 2483 2480 2475 2470 2465 2460 2456 2452 2448 2444 2440 2437 2434 2431 2427 2424 2423 2420 2417 2415 2412 2409
2630 2620 2614 2612 2610 2608 2600 2595 2595 2593 2590 2590 2590 2587 2585 2580 2580 2573 2572 2568 2560 2560 2554 2552 2548 2547 2547 2546 2545 2540 2530 2528 2520 2515 2515 2513 2511 2510 2510 2507 2505 2500 2500 2497 2496 2495 2493 2492 2492 2491 2489 2487 2485 2485 2480 2480 2480 2480 2480 2483 2483 2483 2480 2476 2474 2469 2465 2460 2456 2452 2448 2444 2440 2437 2433 2430 2427 2423 2420 2417 2416 2414 2411 2408
2620 2614 2610 2607 2600 2600 2593 2592 2590 2587 2585 2585 2585 2585 2580 2573 2572 2568 2567 2560 2554 2553 2550 2546 2545 2540 2540 2540 2540 2530 2520 2520 2515 2513 2510 2509 2507 2505 2505 2505 2500 2496 2496 2495 2493 2491 2489 2488 2488 2486 2485 2484 2480 2480 2477 2477 2477 2477 2477 2480 2480 2480 2480 2476 2472 2468 2464 2460 2456 2452 2448 2444 2440 2437 2433 2430 2427 2423 2420 2417 2415 2413 2410 2408
2620 2612 2607 2600 2593 2592 2588 2586 2585 2585 2580 2580 2580 2580 2572 2568 2567 2560 2560 2554 2550 2547 2546 2540 2540 2534 2532 2530 2520 2520 2515 2514 2512 2507 2505 2505 2504 2500 2500 2500 2496 2494 2492 2491 2489 2487 2485 2484 2484 2484 2480 2480 2476 2476 2475 2473 2473 2473 2475 2476 2476 2477 2477 2475 2471 2467 2464 2460 2456 2452 2448 2444 2440 2437 2433 2430 2427 2423 2420 2417 2415 2413 2410 2408
2612 2608 2600 2590 2588 2587 2580 2580 2580 2580 2575 2574 2573 2572 2568 2560 2560 2555 2554 2550 2546 2540 2540 2533 2533 2530 2527 2520 2515 2515 2513 2508 2506 2505 2500 2500 2500 2496 2495 2495 2493 2490 2488 2487 2485 2484 2483 2480 2480 2480 2475 2475 2474 2472 2471 2470 2470 2470 2471 2472 2473 2473 2474 2472 2470 2467 2463 2460 2456 2454 2449 2445 2440 2436 2434 2430 2426 2424 2420 2417 2415 2412 2410 2407
2607 2600 2590 2580 2580 2580 2575 2575 2575 2575 2573 2568 2567 2567 2560 2554 2553 2552 2548 2546 2540 2534 2532 2528 2527 2526 2520 2514 2512 2510 2507 2505 2500 2500 2495 2495 2495 2493 2491 2490 2489 2487 2484 2484 2483 2480 2480 2474 2473 2473 2472 2470 2469 2468 2467 2467 2467 2467 2467 2468 2469 2470 2471 2471 2469 2467 2464 2463 2460 2455 2451 2446 2444 2440 2435 2430 2425 2420 2418 2416 2414 2411 2409 2406
2600 2590 2580 2576 2576 2575 2573 2570 2570 2570 2567 2565 2560 2560 2553 2550 2547 2546 2545 2540 2533 2530 2527 2520 2520 2520 2514 2510 2506 2505 2505 2500 2495 2495 2493 2490 2490 2489 2487 2485 2485 2484 2480 2480 2480 2473 2473 2470 2467 2467 2466 2465 2465 2464 2464 2463 2463 2463 2464 2464 2465 2467 2468 2468 2468 2466 2463 2460 2457 2455 2451 2447 2444 2440 2435 2430 2425 2420 2417 2415 2413 2410 2408 2405
2590 2580 2576 2575 2572 2571 2567 2565 2565 2565 2565 2560 2552 2550 2548 2546 2540 2540 2540 2532 2528 2526 2520 2515 2515 2514 2510 2506 2500 2500 2500 2495 2493 2490 2487 2485 2485 2485 2484 2480 2480 2480 2473 2473 2472 2468 2467 2466 2460 2460 2460 2460 2460 2460 2460 2460 2460 2460 2460 2460 2463 2463 2464 2465 2466 2465 2463 2460 2456 2453 2449 2445 2443 2440 2435 2430 2425 2420 2417 2415 2413 2410 2408 2405
2590 2580 2576 2572 2569 2566 2565 2560 2560 2560 2560 2550 2548 2540 2540 2540 2535 2534 2532 2528 2520 2520 2514 2512 2510 2508 2506 2500 2495 2495 2494 2492 2487 2485 2485 2480 2480 2480 2480 2473 2472 2470 2468 2467 2467 2460 2460 2460 2455 2455 2455 2455 2455 2455 2455 2455 2455 2455 2455 2455 2460 2460 2463 2463 2463 2463 2462 2460 2455 2451 2448 2444 2440 2436 2433 2429 2425 2420 2417 2415 2413 2410 2408 2405
2590 2580 2575 2571 2566 2564 2560 2555 2554 2552 2550 2540 2540 2534 2533 2533 2532 2528 2527 2520 2514 2513 2510 2506 2505 2505 2500 2493 2492 2490 2488 2486 2485 2480 2480 2475 2475 2474 2472 2468 2467 2460 2460 2460 2460 2455 2455 2455 2453 2450 2450 2450 2450 2450 2450 2450 2450 2450 2450 2452 2453 2453 2460 2460 2462 2462 2460 2455 2453 2447 2445 2444 2440 2435 2431 2427 2424 2420 2417 2415 2413 2410 2408 2405
2590 2580 2574 2568 2565 2560 2555 2553 2548 2547 2540 2535 2534 2530 2527 2527 2526 2525 2520 2513 2510 2507 2506 2500 2500 2500 2490 2488 2486 2485 2485 2480 2480 2475 2474 2472 2470 2468 2467 2460 2460 2455 2455 2455 2454 2452 2450 2450 2447 2445 2445 2445 2445 2445 2445 2445 2445 2445 2445 2446 2447 2448 2450 2450 2460 2460 2453 2452 2447 2445 2440 2440 2440 2434 2428 2425 2420 2417 2416 2414 2411 2409 2407 2405
2590 2580 2573 2567 2560 2555 2553 2547 2545 2540 2535 2533 2528 2526 2520 2520 2520 2520 2510 2508 2506 2500 2500 2490 2490 2490 2480 2480 2480 2480 2480 2473 2473 2472 2468 2466 2465 2465 2460 2455 2454 2452 2450 2450 2448 2446 2445 2445 2445 2440 2440 2440 2440 2440 2440 2440 2440 2440 2440 2440 2440 2440 2440 2440 2450 2450 2448 2446 2445 2440 2435 2435 2434 2430 2426 2420 2417 2415 2413 2412 2410 2407 2406 2403
2580 2575 2572 2566 2560 2555 2550 2545 2540 2535 2533 2527 2525 2520 2514 2512 2510 2510 2500 2500 2500 2492 2490 2480 2480 2480 2474 2473 2473 2472 2470 2468 2467 2466 2465 2460 2460 2460 2453 2452 2448 2446 2445 2445 2445 2440 2440 2440 2440 2433 2433 2433 2433 2433 2433 2433 2433 2433 2433 2433 2433 2433 2433 2433 2440 2440 2440 2440 2440 2434 2432 2430 2428 2426 2420 2416 2415 2412 2411 2409 2408 2406 2404 2402
2580 2575 2570 2565 2560 2555 2550 2545 2540 2535 2530 2525 2520 2514 2510 2507 2500 2500 2494 2492 2490 2488 2480 2475 2475 2474 2470 2467 2467 2467 2460 2460 2460 2460 2460 2453 2452 2450 2448 2446 2445 2440 2440 2440 2440 2433 2433 2432 2430 2428 2427 2427 2427 2427 2427 2427 2427 2427 2427 2427 2427 2427 2427 2428 2430 2430 2432 2433 2433 2430 2426 2425 2425 2420 2415 2414 2411 2410 2408 2406 2406 2404 2403 2400
2580 2574 2568 2565 2560 2555 2550 2545 2540 2535 2530 2525 2520 2512 2507 2500 2495 2494 2490 2487 2480 2480 2474 2472 2470 2468 2466 2460 2460 2460 2453 2453 2452 2450 2450 2448 2447 2440 2440 2440 2440 2430 2430 2430 2430 2428 2427 2427 2420 2420 2420 2420 2420 2420 2420 2420 2420 2420 2420 2420 2420 2420 2420 2420 2420 2420 2427 2427 2427 2426 2420 2420 2420 2420 2414 2410 2408 2407 2405 2403 2403 2403 2400 2397
2580 2573 2567 2560 2556 2554 2549 2545 2540 2535 2530 2525 2520 2510 2500 2495 2493 2488 2486 2480 2475 2474 2470 2466 2465 2465 2460 2454 2452 2450 2448 2447 2447 2440 2440 2440 2440 2432 2430 2430 2430 2420 2420 2420 2420 2420 2420 2420 2415 2415 2415 2415 2415 2415 2415 2415 2415 2415 2415 2415 2416 2416 2416 2416 2416 2416 2420 2420 2420 2420 2415 2415 2415 2414 2410 2406 2405 2404 2403 2400 2400 2400 2397 2396
2580 2573 2567 2560 2556 2552 2548 2544 2540 2535 2530 2525 2520 2510 2500 2495 2490 2485 2480 2475 2473 2468 2466 2460 2460 2460 2453 2450 2447 2440 2440 2440 2440 2434 2432 2430 2430 2428 2420 2420 2420 2416 2415 2414 2413 2413 2413 2413 2412 2410 2410 2410 2410 2410 2410 2410 2410 2410 2410 2411 2412 2412 2412 2412 2412 2414 2415 2415 2415 2414 2412 2410 2410 2408 2406 2400 2400 2400 2400 2396 2396 2396 2395 2393
2575 2572 2566 2560 2556 2552 2548 2544 2540 2535 2530 2525 2520 2510 2500 2495 2490 2485 2480 2474 2468 2465 2460 2455 2454 2452 2448 2446 2440 2436 2436 2435 2434 2430 2427 2420 2420 2420 2415 2415 2415 2413 2411 2408 2407 2407 2407 2407 2406 2405 2405 2405 2405 2405 2405 2405 2405 2405 2405 2406 2408 2408 2408 2408 2408 2409 2410 2410 2410 2408 2406 2405 2405 2405 2400 2395 2395 2395 2395 2394 2392 2392 2391 2390
2574 2568 2565 2560 2556 2552 2548 2544 2540 2535 2530 2525 2520 2510 2500 2495 2492 2486 2480 2473 2467 2460 2455 2453 2448 2447 2440 2440 2436 2435 2432 2431 2428 2426 2420 2416 2415 2414 2412 2410 2410 2409 2407 2405 2400 2400 2400 2400 2400 2400 2400 2400 2400 2400 2400 2400 2400 2400 2400 2404 2404 2404 2404 2404 2404 2405 2405 2405 2405 2405 2400 2400 2400 2400 2393 2392 2390 2390 2390 2389 2388 2388 2387 2387
2573 2567 2560 2560 2556 2552 2548 2544 2540 2535 2530 2525 2520 2512 2507 2500 2493 2487 2480 2473 2467 2460 2455 2450 2445 2440 2437 2437 2435 2431 2429 2426 2425 2420 2416 2413 2411 2408 2406 2405 2405 2405 2404 2400 2398 2397 2397 2397 2397 2396 2396 2396 2396 2396 2396 2396 2396 2396 2396 2400 2400 2400 2400 2400 2400 2400 2400 2400 2400 2400 2392 2390 2390 2390 2388 2386 2385 2385 2385 2385 2384 2384 2384 2383
2573 2567 2560 2557 2555 2551 2547 2544 2540 2535 2530 2525 2520 2513 2507 2500 2493 2487 2480 2473 2467 2460 2455 2450 2445 2440 2437 2434 2432 2429 2425 2424 2420 2416 2413 2410 2407 2405 2400 2400 2400 2400 2400 2398 2397 2395 2394 2394 2393 2393 2392 2392 2392 2392 2392 2392 2392 2392 2394 2395 2395 2395 2395 2394 2393 2393 2392 2390 2390 2390 2388 2380 2380 2380 2380 2380 2380 2380 2380 2380 2380 2380 2380 2380
2573 2567 2560 2557 2553 2550 2547 2543 2540 2535 2530 2525 2520 2513 2507 2500 2493 2487 2480 2473 2467 2460 2455 2450 2445 2440 2437 2433 2430 2427 2424 2420 2416 2414 2410 2407 2404 2400 2398 2398 2398 2398 2398 2397 2394 2393 2392 2391 2390 2389 2388 2388 2388 2388 2388 2388 2388 2388 2389 2390 2390 2390 2390 2388 2387 2387 2387 2380 2380 2380 2380 2377 2377 2376 2376 2376 2376 2376 2376 2376 2376 2376 2376 2376
2573 2567 2560 2557 2553 2550 2547 2543 2540 2535 2530 2525 2520 2513 2507 2500 2493 2487 2480 2473 2467 2460 2455 2452 2446 2440 2436 2433 2429 2425 2423 2420 2416 2412 2408 2404 2400 2398 2398 2397 2396 2396 2396 2394 2393 2391 2390 2388 2388 2385 2384 2384 2384 2384 2384 2384 2384 2384 2385 2385 2385 2385 2385 2385 2380 2380 2380 2377 2377 2376 2376 2375 2373 2373 2372 2372 2372 2372 2372 2372 2372 2372 2372 2372
2572 2566 2560 2556 2553 2549 2545 2543 2540 2535 2530 2525 2520 2513 2507 2500 2493 2487 2480 2474 2468 2465 2460 2453 2447 2440 2436 2432 2428 2424 2420 2417 2415 2411 2408 2405 2400 2398 2398 2398 2397 2396 2395 2393 2392 2390 2388 2386 2384 2383 2380 2380 2380 2380 2380 2380 2380 2380 2380 2380 2380 2380 2380 2380 2376 2376 2376 2375 2373 2373 2372 2371 2370 2369 2368 2368 2368 2368 2368 2368 2368 2368 2368 2368
2568 2565 2560 2556 2552 2548 2544 2540 2540 2534 2528 2525 2520 2513 2507 2500 2493 2487 2480 2473 2467 2460 2455 2452 2446 2440 2436 2432 2428 2424 2420 2417 2414 2413 2411 2408 2407 2400 2400 2400 2398 2398 2396 2395 2393 2391 2388 2385 2383 2380 2378 2378 2378 2377 2377 2377 2376 2376 2375 2375 2375 2375 2375 2375 2374 2372 2372 2371 2370 2369 2368 2367 2367 2365 2364 2364 2364 2364 2364 2364 2364 2364 2364 2364
2566 2560 2557 2555 2551 2547 2544 2540 2535 2532 2526 2520 2514 2510 2506 2500 2492 2487 2480 2473 2467 2460 2454 2448 2445 2440 2436 2432 2428 2424 2420 2417 2417 2416 2415 2414 2412 2408 2406 2405 2400 2400 2397 2397 2395 2391 2388 2384 2380 2378 2377 2376 2376 2375 2374 2374 2373 2372 2371 2370 2370 2370 2370 2370 2369 2368 2368 2367 2367 2365 2364 2364 2363 2363 2360 2360 2360 2360 2360 2360 2360 2360 2360 2360
2565 2560 2556 2553 2549 2545 2543 2540 2534 2528 2525 2520 2513 2507 2500 2493 2488 2480 2475 2472 2466 2460 2452 2447 2440 2437 2435 2432 2429 2426 2425 2420 2420 2420 2420 2420 2420 2413 2412 2407 2405 2404 2400 2400 2396 2394 2389 2385 2380 2378 2376 2375 2374 2373 2372 2371 2370 2369 2366 2365 2365 2365 2365 2365 2365 2364 2364 2364 2363 2363 2360 2360 2360 2360 2358 2358 2358 2358 2358 2358 2358 2358 2358 2358
2565 2560 2556 2552 2548 2544 2540 2535 2532 2526 2520 2515 2512 2506 2500 2493 2487 2480 2474 2468 2465 2460 2450 2440 2437 2436 2434 2433 2432 2431 2428 2427 2426 2425 2424 2423 2423 2420 2415 2413 2409 2406 2404 2403 2400 2395 2390 2385 2380 2378 2377 2375 2374 2372 2370 2369 2367 2365 2364 2360 2360 2360 2360 2360 2360 2360 2360 2360 2360 2360 2358 2358 2358 2358 2357 2356 2356 2356 2356 2356 2356 2356 2356 2356
2565 2560 2556 2552 2548 2544 2540 2534 2528 2525 2520 2514 2508 2505 2500 2492 2487 2480 2472 2467 2460 2453 2448 2440 2438 2437 2437 2436 2436 2435 2434 2433 2432 2429 2427 2426 2424 2423 2420 2415 2412 2408 2404 2400 2396 2394 2390 2386 2384 2380 2378 2377 2374 2373 2370 2368 2366 2363 2360 2360 2358 2358 2358 2358 2358 2358 2358 2358 2358 2358 2357 2356 2356 2356 2355 2355 2354 2355 2355 2355 2355 2355 2355 2355
2564 2560 2555 2551 2546 2544 2540 2532 2527 2520 2514 2510 2506 2500 2492 2488 2480 2473 2468 2460 2455 2453 2447 2445 2440 2440 2440 2440 2440 2440 2440 2440 2435 2432 2430 2428 2426 2423 2420 2416 2412 2408 2404 2400 2397 2393 2390 2388 2385 2383 2380 2378 2376 2374 2371 2368 2365 2363 2360 2359 2358 2357 2356 2356 2356 2356 2356 2355 2355 2355 2354 2354 2353 2353 2353 2353 2353 2353 2353 2353 2353 2353 2353 2353
