LP-location/body_waves_topography/data/dem_10m.asc
ncols        400
nrows        400
xllcorner    524000.000000000000
yllcorner    1106000.000000000000
cellsize     10.000000000000
NODATA_value  -32767
[rows 114 to 151 of 400, columns 252 to 335 of 400]
3020 3014 3010 3006 3000 2993 2988 2980 2972 2970 2968 2960 2940 2940 2930 2930 2920 2920 2920 2920 2920 2920 2920 2920 2913 2913 2912 2908 2906 2905 2900 2900 2893 2890 2887 2880 2880 2880 2875 2873 2868 2867 2860 2852 2848 2846 2840 2840 2834 2830 2826 2820 2815 2813 2808 2806 2800 2800 2794 2792 2787 2785 2780 2774 2768 2765 2760 2757 2756 2756 2753 2751 2750 2749 2748 2748 2746 2744 2740 2735 2733 2727 2725 2720
3024 3020 3014 3008 3005 3000 2992 2988 2980 2980 2970 2960 2950 2948 2940 2940 2930 2930 2930 2928 2927 2927 2927 2926 2920 2920 2915 2914 2912 2907 2905 2905 2900 2894 2892 2888 2886 2885 2880 2875 2874 2872 2868 2860 2853 2850 2846 2845 2840 2834 2828 2826 2820 2815 2814 2810 2807 2806 2800 2795 2792 2786 2780 2775 2773 2767 2765 2760 2760 2760 2756 2755 2755 2754 2752 2752 2750 2747 2745 2740 2735 2733 2727 2725
3025 3020 3015 3013 3007 3005 3000 2992 2988 2986 2980 2970 2960 2952 2950 2950 2940 2940 2940 2933 2933 2933 2933 2930 2927 2927 2920 2920 2915 2913 2910 2908 2906 2900 2900 2893 2892 2887 2885 2880 2880 2880 2872 2870 2860 2854 2852 2846 2840 2835 2834 2830 2826 2820 2820 2814 2813 2810 2806 2800 2793 2788 2780 2780 2775 2773 2768 2767 2767 2766 2760 2760 2760 2756 2756 2756 2753 2751 2748 2746 2740 2735 2732 2726
3027 3025 3020 3015 3013 3007 3005 3000 2993 2990 2986 2980 2970 2960 2960 2960 2950 2950 2948 2940 2940 2940 2940 2934 2933 2932 2928 2927 2920 2915 2915 2914 2910 2906 2905 2900 2895 2893 2887 2885 2884 2884 2880 2880 2870 2860 2854 2850 2846 2840 2840 2834 2830 2826 2825 2820 2820 2814 2810 2807 2800 2792 2790 2788 2780 2775 2774 2773 2773 2770 2766 2765 2765 2760 2760 2760 2756 2755 2754 2750 2746 2740 2734 2730
3033 3027 3025 3020 3015 3013 3007 3005 3000 2994 2990 2986 2980 2980 2970 2970 2960 2960 2952 2950 2950 2950 2948 2940 2940 2940 2933 2932 2928 2920 2920 2920 2914 2912 2907 2905 2900 2895 2893 2889 2888 2885 2883 2883 2880 2870 2860 2854 2850 2847 2847 2840 2834 2832 2828 2826 2825 2820 2814 2812 2808 2800 2800 2792 2788 2780 2780 2780 2780 2774 2772 2770 2767 2765 2764 2764 2760 2760 2760 2754 2750 2746 2740 2734
3035 3033 3028 3026 3020 3015 3013 3008 3006 3000 2994 2990 2987 2987 2980 2980 2980 2980 2960 2960 2960 2960 2952 2950 2950 2950 2940 2940 2932 2930 2930 2930 2920 2915 2913 2907 2905 2900 2895 2894 2891 2888 2886 2884 2883 2880 2870 2860 2854 2853 2852 2848 2840 2835 2834 2832 2827 2825 2820 2820 2812 2808 2806 2800 2792 2790 2788 2786 2785 2780 2775 2775 2773 2769 2768 2765 2764 2763 2763 2760 2754 2750 2746 2740
3040 3035 3034 3030 3027 3020 3015 3014 3010 3006 3000 2994 2993 2992 2988 2987 2987 2987 2980 2970 2970 2970 2960 2960 2960 2960 2950 2950 2940 2940 2940 2940 2930 2920 2915 2913 2907 2905 2900 2896 2893 2891 2888 2887 2884 2883 2880 2870 2860 2860 2860 2852 2848 2840 2840 2835 2833 2828 2826 2825 2820 2813 2810 2806 2800 2800 2793 2792 2787 2785 2780 2780 2775 2774 2771 2769 2767 2766 2764 2763 2760 2754 2750 2746
3046 3040 3040 3034 3032 3028 3020 3020 3014 3010 3007 3000 3000 3000 2993 2993 2993 2992 2988 2980 2980 2980 2970 2970 2970 2970 2960 2960 2950 2950 2948 2946 2940 2930 2920 2915 2912 2906 2900 2897 2894 2893 2892 2888 2887 2884 2883 2880 2870 2868 2866 2860 2852 2847 2845 2840 2835 2834 2832 2827 2825 2820 2814 2810 2806 2805 2800 2795 2793 2787 2785 2784 2780 2776 2775 2772 2770 2768 2767 2764 2763 2760 2753 2747
3050 3047 3046 3040 3040 3032 3028 3027 3020 3014 3012 3010 3008 3007 3000 3000 3000 3000 2992 2990 2990 2990 2980 2980 2980 2980 2970 2970 2960 2960 2953 2950 2946 2940 2930 2920 2913 2908 2900 2897 2897 2896 2893 2892 2888 2887 2884 2883 2880 2873 2868 2860 2854 2852 2848 2846 2840 2840 2835 2833 2827 2825 2820 2814 2812 2807 2805 2800 2795 2791 2788 2785 2784 2780 2777 2775 2772 2772 2768 2766 2763 2760 2754 2750
3054 3053 3050 3047 3046 3040 3033 3032 3028 3020 3020 3020 3013 3012 3010 3010 3008 3006 3000 3000 3000 3000 2990 2990 2990 2988 2980 2980 2970 2968 2960 2954 2950 2947 2940 2930 2920 2912 2908 2900 2900 2897 2896 2893 2892 2888 2887 2884 2883 2880 2872 2868 2860 2855 2854 2850 2846 2845 2840 2835 2833 2827 2825 2820 2815 2812 2806 2800 2796 2794 2791 2789 2785 2784 2780 2777 2776 2773 2770 2767 2764 2763 2760 2753
3060 3060 3054 3053 3050 3046 3040 3040 3032 3028 3027 3027 3020 3020 3020 3020 3013 3010 3007 3007 3007 3006 3000 3000 3000 2992 2990 2988 2980 2972 2970 2960 2954 2952 2948 2940 2930 2920 2912 2907 2905 2900 2897 2896 2893 2892 2888 2887 2885 2883 2880 2872 2868 2860 2860 2854 2850 2847 2844 2840 2835 2833 2827 2825 2820 2814 2810 2806 2800 2796 2795 2791 2789 2785 2784 2780 2777 2774 2772 2768 2766 2763 2760 2754
3067 3066 3060 3060 3054 3050 3047 3047 3040 3033 3033 3032 3030 3028 3027 3027 3020 3014 3013 3013 3013 3010 3007 3006 3005 3000 3000 2992 2988 2980 2980 2970 2960 2960 2952 2948 2940 2920 2914 2912 2907 2905 2900 2897 2896 2893 2892 2889 2888 2885 2883 2880 2872 2868 2860 2855 2853 2850 2847 2844 2840 2835 2833 2827 2825 2820 2814 2810 2806 2800 2796 2795 2791 2788 2784 2780 2777 2776 2773 2771 2768 2765 2763 2760
3073 3070 3067 3067 3060 3054 3053 3052 3050 3040 3040 3040 3040 3033 3033 3032 3028 3020 3020 3020 3020 3014 3013 3012 3008 3006 3005 3000 2992 2988 2986 2980 2970 2968 2960 2952 2947 2940 2920 2915 2913 2907 2905 2900 2897 2896 2894 2892 2890 2888 2885 2883 2880 2872 2868 2860 2856 2853 2850 2847 2844 2840 2835 2833 2827 2825 2820 2814 2810 2806 2800 2796 2794 2790 2787 2784 2780 2777 2775 2772 2769 2766 2763 2760
3080 3074 3073 3072 3070 3060 3060 3060 3060 3060 3050 3050 3050 3040 3040 3040 3032 3030 3028 3026 3025 3020 3020 3015 3014 3012 3008 3006 3000 2993 2990 2986 2980 2970 2960 2953 2948 2940 2930 2920 2915 2913 2908 2906 2900 2897 2897 2895 2892 2890 2888 2885 2884 2880 2872 2868 2860 2856 2853 2850 2847 2844 2840 2835 2833 2827 2825 2820 2814 2810 2806 2800 2796 2793 2790 2786 2784 2780 2777 2773 2770 2767 2764 2760
3087 3080 3080 3080 3080 3070 3070 3070 3070 3068 3060 3060 3060 3060 3050 3048 3040 3040 3033 3032 3028 3027 3027 3020 3020 3015 3014 3010 3007 3000 2994 2990 2986 2980 2970 2960 2950 2940 2932 2928 2920 2915 2914 2910 2906 2900 2900 2897 2895 2892 2890 2889 2886 2884 2880 2872 2868 2860 2856 2853 2850 2847 2844 2840 2835 2833 2827 2825 2820 2814 2808 2805 2800 2796 2792 2788 2784 2780 2777 2775 2771 2768 2764 2760
3092 3088 3086 3085 3085 3080 3080 3080 3080 3072 3070 3070 3068 3067 3060 3052 3050 3050 3040 3035 3034 3033 3032 3028 3027 3020 3020 3014 3012 3008 3000 2994 2990 2987 2980 2970 2960 2950 2940 2932 2930 2920 2920 2914 2910 2906 2905 2900 2897 2895 2893 2892 2890 2887 2884 2880 2872 2868 2860 2856 2853 2850 2847 2844 2840 2835 2832 2826 2820 2815 2812 2806 2800 2796 2793 2789 2785 2783 2780 2776 2774 2770 2766 2764
3100 3093 3092 3090 3088 3087 3086 3085 3085 3080 3080 3080 3073 3072 3068 3060 3060 3060 3050 3040 3040 3040 3040 3033 3032 3028 3026 3020 3020 3012 3008 3000 2993 2990 2980 2972 2968 2960 2950 2940 2940 2930 2930 2920 2914 2912 2907 2905 2900 2897 2896 2896 2893 2890 2887 2884 2880 2872 2868 2860 2856 2853 2850 2846 2844 2840 2834 2828 2825 2820 2813 2807 2800 2797 2793 2790 2787 2784 2783 2780 2776 2772 2768 2764
3106 3100 3095 3095 3094 3093 3092 3090 3088 3086 3085 3084 3080 3080 3072 3070 3068 3067 3060 3050 3050 3050 3048 3040 3040 3033 3030 3027 3026 3020 3012 3008 3000 3000 2990 2980 2972 2970 2960 2950 2948 2940 2940 2930 2920 2915 2913 2908 2907 2900 2900 2900 2896 2893 2890 2887 2884 2880 2872 2868 2860 2856 2852 2848 2844 2840 2835 2832 2826 2820 2813 2808 2800 2797 2794 2792 2788 2786 2783 2780 2776 2772 2768 2764
3110 3107 3100 3100 3100 3100 3095 3095 3094 3092 3089 3087 3085 3085 3080 3080 3073 3072 3068 3060 3060 3060 3052 3048 3046 3040 3034 3033 3030 3026 3020 3012 3008 3007 3000 2990 2980 2980 2970 2960 2952 2950 2948 2940 2930 2920 2915 2914 2912 2910 2908 2906 2900 2896 2893 2890 2887 2884 2880 2870 2860 2856 2854 2850 2847 2844 2840 2834 2830 2826 2820 2810 2800 2797 2796 2793 2790 2787 2784 2780 2776 2774 2769 2765
3114 3112 3108 3107 3106 3105 3100 3100 3100 3095 3093 3091 3090 3088 3086 3085 3080 3080 3072 3070 3068 3066 3060 3053 3050 3047 3040 3040 3034 3030 3026 3020 3013 3012 3008 3000 3000 2990 2980 2970 2960 2960 2952 2948 2940 2940 2920 2920 2920 2920 2913 2910 2906 2900 2896 2893 2890 2887 2884 2880 2870 2860 2856 2853 2850 2846 2844 2840 2833 2827 2820 2812 2808 2800 2797 2795 2792 2789 2785 2784 2780 2775 2771 2767
3120 3120 3113 3113 3112 3108 3107 3107 3107 3100 3096 3095 3095 3094 3092 3088 3086 3085 3080 3080 3073 3070 3067 3060 3054 3052 3048 3046 3040 3034 3030 3026 3020 3020 3012 3008 3006 3000 2990 2980 2980 2970 2960 2952 2948 2947 2940 2940 2930 2928 2920 2914 2910 2906 2900 2896 2893 2889 2885 2880 2872 2868 2860 2856 2852 2848 2844 2840 2834 2830 2826 2820 2812 2808 2800 2797 2795 2791 2788 2784 2780 2776 2773 2769
3130 3130 3120 3120 3115 3114 3113 3113 3112 3110 3100 3100 3100 3100 3095 3094 3092 3087 3085 3085 3080 3074 3072 3068 3060 3060 3053 3050 3046 3040 3034 3030 3026 3025 3020 3013 3010 3006 3000 2990 2987 2980 2970 2960 2953 2952 2948 2946 2940 2932 2928 2920 2914 2910 2906 2900 2895 2891 2887 2884 2880 2870 2860 2856 2854 2850 2847 2845 2840 2834 2830 2826 2820 2812 2807 2800 2796 2794 2790 2787 2784 2780 2775 2773
3140 3140 3130 3130 3120 3120 3120 3120 3120 3120 3120 3120 3120 3110 3100 3100 3095 3093 3090 3087 3085 3080 3080 3072 3068 3067 3060 3054 3050 3046 3040 3034 3032 3027 3025 3020 3013 3008 3000 2993 2992 2988 2980 2970 2960 2960 2953 2950 2947 2940 2932 2928 2920 2913 2908 2900 2896 2893 2890 2886 2884 2880 2870 2860 2856 2853 2851 2847 2845 2840 2833 2827 2820 2814 2808 2805 2800 2796 2793 2790 2787 2785 2780 2775
3148 3146 3140 3140 3140 3140 3130 3130 3130 3128 3127 3126 3125 3120 3120 3110 3100 3095 3095 3093 3087 3085 3084 3080 3073 3072 3068 3060 3054 3050 3047 3040 3035 3033 3027 3025 3020 3012 3008 3000 3000 2992 2988 2980 2970 2970 2960 2954 2952 2948 2940 2932 2928 2920 2912 2908 2900 2896 2892 2888 2884 2880 2872 2868 2860 2856 2855 2852 2846 2840 2833 2828 2820 2815 2813 2808 2806 2800 2796 2793 2790 2787 2780 2776
3153 3150 3147 3147 3147 3147 3140 3140 3140 3133 3133 3132 3128 3126 3125 3120 3110 3100 3100 3095 3093 3089 3087 3084 3080 3080 3072 3068 3060 3054 3052 3048 3040 3035 3033 3027 3025 3020 3012 3008 3006 3000 2992 2988 2980 2980 2970 2960 2960 2952 2948 2940 2932 2928 2920 2910 2900 2896 2894 2890 2887 2884 2880 2872 2868 2860 2860 2854 2850 2846 2840 2832 2828 2820 2815 2814 2810 2806 2800 2795 2794 2792 2788 2780
3160 3154 3153 3153 3153 3152 3150 3148 3147 3140 3140 3135 3134 3132 3127 3125 3120 3110 3108 3100 3095 3093 3090 3087 3084 3084 3080 3072 3068 3060 3060 3052 3048 3040 3035 3033 3027 3025 3020 3013 3010 3006 3000 2992 2990 2988 2980 2970 2968 2960 2952 2948 2940 2932 2928 2920 2910 2900 2896 2893 2890 2887 2885 2880 2872 2868 2866 2860 2854 2850 2846 2840 2832 2828 2820 2820 2814 2810 2806 2800 2800 2800 2792 2788
3167 3160 3160 3160 3160 3160 3160 3153 3152 3148 3147 3140 3140 3135 3133 3128 3126 3120 3112 3110 3100 3096 3093 3090 3088 3086 3085 3080 3072 3068 3066 3060 3052 3048 3040 3035 3033 3027 3025 3020 3014 3010 3006 3000 3000 2992 2988 2980 2972 2968 2960 2952 2948 2940 2932 2928 2920 2910 2900 2896 2893 2891 2887 2885 2880 2873 2870 2866 2860 2854 2850 2846 2840 2832 2828 2826 2820 2814 2810 2806 2805 2805 2800 2792
3172 3170 3170 3168 3167 3167 3167 3160 3160 3153 3152 3148 3146 3140 3135 3134 3130 3126 3120 3120 3110 3100 3096 3094 3092 3091 3087 3085 3080 3073 3070 3066 3060 3052 3048 3040 3035 3033 3027 3025 3020 3014 3010 3006 3005 3000 2992 2988 2980 2972 2968 2960 2952 2947 2940 2932 2928 2920 2910 2900 2896 2895 2893 2887 2885 2880 2874 2868 2865 2860 2854 2850 2846 2840 2833 2830 2826 2820 2814 2812 2810 2807 2805 2800
3180 3180 3180 3173 3173 3173 3172 3168 3167 3160 3160 3153 3150 3147 3140 3140 3134 3130 3127 3126 3120 3110 3100 3096 3096 3095 3093 3087 3085 3080 3074 3068 3065 3060 3052 3048 3040 3035 3033 3027 3025 3020 3014 3010 3007 3004 3000 2992 2987 2980 2970 2960 2954 2950 2946 2940 2932 2927 2920 2910 2900 2900 2895 2892 2886 2880 2875 2873 2867 2865 2860 2854 2848 2845 2840 2834 2830 2826 2820 2815 2815 2813 2807 2805
3188 3187 3186 3180 3180 3180 3180 3173 3172 3168 3166 3160 3154 3152 3148 3147 3140 3134 3133 3130 3126 3120 3110 3100 3100 3100 3095 3092 3086 3080 3075 3073 3067 3065 3060 3052 3048 3040 3035 3032 3026 3020 3015 3013 3009 3005 3000 2994 2990 2986 2980 2970 2960 2953 2948 2940 2934 2930 2926 2920 2910 2907 2900 2894 2890 2886 2880 2875 2872 2866 2860 2855 2853 2847 2845 2840 2834 2830 2826 2820 2820 2815 2812 2806
3193 3193 3190 3187 3186 3185 3185 3180 3180 3173 3170 3167 3160 3160 3153 3152 3148 3140 3140 3134 3130 3126 3120 3110 3108 3106 3100 3094 3090 3086 3080 3075 3073 3067 3065 3060 3052 3048 3040 3034 3030 3026 3020 3015 3013 3007 3005 3000 2993 2987 2980 2972 2968 2960 2952 2948 2940 2933 2928 2920 2913 2910 2906 2900 2894 2890 2886 2880 2874 2870 2866 2860 2855 2853 2847 2845 2840 2834 2830 2826 2825 2820 2814 2808
3200 3200 3194 3193 3192 3190 3187 3185 3184 3180 3174 3172 3168 3166 3160 3160 3152 3148 3147 3140 3134 3130 3126 3120 3113 3110 3106 3100 3094 3090 3086 3080 3075 3073 3067 3065 3060 3052 3048 3040 3034 3030 3026 3020 3015 3012 3006 3000 2994 2990 2986 2980 2972 2968 2960 2952 2948 2940 2932 2927 2920 2914 2910 2906 2900 2894 2890 2886 2880 2874 2870 2866 2860 2855 2853 2847 2845 2840 2834 2832 2826 2820 2815 2813
3202 3202 3200 3200 3195 3195 3193 3189 3187 3185 3180 3180 3173 3170 3167 3166 3160 3153 3152 3148 3140 3134 3130 3126 3120 3114 3110 3106 3100 3094 3090 3086 3080 3075 3073 3067 3065 3060 3052 3048 3040 3034 3030 3026 3020 3014 3010 3006 3000 2994 2990 2986 2980 2972 2967 2960 2950 2940 2934 2930 2926 2920 2914 2910 2906 2900 2894 2890 2886 2880 2874 2870 2866 2860 2855 2853 2847 2845 2840 2834 2830 2826 2820 2815
3203 3202 3202 3201 3200 3200 3195 3193 3191 3187 3185 3184 3180 3174 3173 3170 3166 3160 3160 3152 3148 3140 3134 3130 3126 3120 3114 3110 3106 3100 3094 3090 3086 3080 3075 3073 3067 3065 3060 3052 3047 3040 3034 3028 3025 3020 3014 3010 3006 3000 2993 2987 2980 2973 2967 2960 2952 2948 2940 2934 2930 2926 2920 2914 2910 2906 2900 2894 2890 2886 2880 2874 2870 2866 2860 2855 2853 2847 2845 2840 2833 2827 2820 2815
3203 3203 3203 3202 3201 3201 3200 3196 3195 3193 3189 3187 3184 3180 3180 3174 3170 3166 3165 3160 3152 3148 3140 3134 3130 3126 3120 3114 3110 3106 3100 3094 3090 3086 3080 3075 3072 3066 3060 3053 3048 3040 3035 3033 3027 3025 3020 3013 3007 3000 2993 2987 2980 2974 2970 2966 2960 2952 2947 2940 2934 2928 2925 2920 2914 2908 2905 2900 2894 2888 2885 2880 2874 2868 2865 2860 2855 2850 2845 2840 2834 2830 2826 2820
3202 3202 3201 3202 3202 3202 3201 3200 3200 3195 3193 3190 3187 3184 3184 3180 3174 3172 3167 3165 3160 3152 3148 3140 3134 3130 3126 3120 3114 3110 3106 3100 3094 3090 3086 3080 3074 3070 3066 3060 3052 3047 3040 3035 3032 3026 3020 3013 3007 3000 2994 2990 2986 2980 2973 2967 2960 2953 2948 2940 2935 2932 2926 2920 2915 2912 2906 2900 2895 2892 2886 2880 2875 2872 2866 2860 2855 2853 2847 2845 2840 2833 2827 2820
3200 3200 3200 3201 3201 3201 3202 3201 3201 3200 3196 3193 3190 3188 3185 3184 3180 3175 3173 3167 3165 3160 3152 3148 3140 3134 3130 3126 3120 3114 3110 3106 3100 3094 3090 3086 3080 3073 3068 3060 3054 3050 3046 3040 3033 3027 3020 3014 3010 3006 3000 2993 2987 2980 2974 2968 2965 2960 2952 2947 2940 2934 2928 2925 2920 2914 2910 2906 2900 2894 2890 2886 2880 2874 2870 2866 2860 2855 2850 2845 2840 2833 2827 2820
3202 3202 3201 3200 3200 3200 3201 3201 3201 3201 3200 3196 3194 3191 3189 3185 3184 3180 3175 3173 3167 3165 3160 3152 3147 3140 3134 3128 3125 3120 3114 3110 3106 3100 3094 3088 3085 3080 3072 3067 3060 3053 3048 3040 3034 3030 3026 3020 3013 3007 3000 2993 2988 2980 2975 2970 2965 2960 2953 2948 2940 2935 2933 2927 2925 2920 2914 2910 2906 2900 2894 2890 2886 2880 2873 2867 2860 2855 2850 2845 2840 2832 2827 2820
