LP-location/body_waves_topography/data/dem_10m.asc
ncols        400
nrows        400
xllcorner    524000.000000000000
yllcorner    1106000.000000000000
cellsize     10.000000000000
NODATA_value  -32767
[rows 304 to 341 of 400, columns 252 to 335 of 400]
2976 2975 2971 2969 2965 2964 2960 2957 2957 2957 2957 2957 2960 2963 2964 2963 2960 2957 2955 2953 2953 2956 2960 2967 2970 2972 2973 2972 2969 2965 2960 2955 2951 2948 2947 2948 2949 2951 2953 2954 2950 2946 2940 2932 2930 2920 2915 2914 2912 2910 2900 2900 2894 2888 2885 2880 2874 2870 2866 2860 2856 2855 2855 2855 2860 2860 2864 2865 2866 2868 2872 2873 2873 2873 2873 2871 2872 2871 2872 2872 2872 2870 2868 2868
2973 2971 2969 2965 2964 2960 2956 2955 2953 2953 2953 2955 2956 2960 2963 2960 2956 2955 2952 2950 2952 2955 2960 2965 2966 2969 2970 2969 2966 2964 2960 2954 2948 2945 2944 2944 2945 2947 2949 2948 2946 2940 2932 2928 2920 2915 2913 2908 2907 2900 2896 2895 2892 2886 2880 2875 2872 2866 2860 2856 2853 2851 2850 2852 2853 2853 2860 2860 2860 2860 2867 2867 2867 2867 2867 2869 2868 2869 2868 2868 2868 2866 2864 2864
2970 2968 2965 2964 2960 2955 2954 2951 2950 2950 2950 2951 2954 2956 2960 2956 2955 2951 2949 2947 2949 2952 2953 2960 2964 2965 2967 2965 2964 2960 2955 2952 2946 2940 2940 2940 2940 2944 2945 2945 2940 2933 2928 2920 2915 2913 2907 2905 2900 2896 2893 2891 2887 2885 2880 2874 2868 2865 2860 2855 2851 2847 2845 2846 2847 2848 2852 2853 2853 2854 2860 2860 2860 2860 2865 2865 2866 2866 2866 2865 2864 2864 2860 2860
2967 2965 2963 2960 2955 2953 2949 2948 2947 2947 2947 2948 2950 2953 2956 2955 2951 2949 2945 2944 2945 2946 2948 2952 2960 2963 2963 2963 2960 2955 2953 2947 2945 2940 2935 2935 2935 2940 2940 2940 2934 2930 2926 2920 2914 2908 2905 2900 2896 2894 2890 2887 2885 2880 2875 2872 2866 2860 2855 2853 2847 2845 2840 2840 2840 2840 2847 2847 2847 2850 2853 2853 2853 2854 2860 2863 2863 2863 2863 2863 2860 2860 2853 2852
2963 2963 2960 2954 2952 2947 2945 2944 2944 2943 2944 2944 2947 2950 2952 2951 2949 2945 2944 2940 2940 2940 2940 2948 2953 2960 2960 2960 2955 2953 2947 2945 2940 2935 2933 2930 2932 2933 2933 2933 2930 2926 2920 2915 2912 2906 2900 2896 2895 2891 2888 2884 2880 2876 2873 2869 2865 2860 2854 2848 2845 2840 2837 2836 2836 2836 2840 2840 2840 2846 2847 2847 2847 2850 2853 2860 2860 2860 2860 2860 2853 2852 2848 2847
2960 2960 2953 2950 2946 2945 2940 2940 2940 2940 2940 2940 2944 2946 2949 2948 2945 2944 2940 2937 2937 2937 2940 2946 2950 2954 2955 2956 2954 2949 2945 2940 2935 2933 2927 2925 2926 2927 2927 2927 2926 2920 2920 2915 2910 2905 2900 2896 2892 2889 2885 2884 2880 2875 2871 2867 2864 2860 2852 2847 2840 2836 2835 2833 2832 2834 2835 2835 2835 2840 2840 2840 2840 2846 2848 2850 2850 2852 2850 2850 2848 2847 2840 2840
2954 2952 2948 2946 2940 2940 2935 2935 2935 2935 2935 2936 2940 2944 2945 2946 2943 2940 2937 2935 2933 2935 2936 2940 2946 2950 2952 2952 2951 2948 2944 2940 2935 2930 2925 2920 2920 2920 2920 2920 2920 2915 2915 2913 2909 2905 2900 2895 2891 2886 2884 2880 2876 2874 2869 2865 2860 2853 2848 2840 2836 2835 2831 2829 2828 2829 2830 2830 2832 2833 2834 2835 2836 2840 2840 2840 2840 2847 2840 2840 2840 2840 2836 2835
2948 2947 2940 2940 2936 2935 2933 2930 2930 2930 2931 2933 2936 2940 2943 2943 2943 2940 2936 2933 2930 2932 2935 2940 2945 2946 2949 2948 2947 2945 2944 2940 2934 2928 2925 2920 2916 2915 2914 2913 2913 2912 2910 2909 2907 2904 2900 2894 2888 2885 2880 2880 2876 2872 2868 2864 2860 2852 2847 2840 2836 2832 2829 2825 2824 2825 2825 2825 2826 2827 2828 2831 2833 2835 2836 2836 2836 2840 2836 2836 2836 2836 2833 2831
2945 2940 2936 2936 2933 2931 2927 2925 2925 2925 2927 2930 2933 2936 2940 2940 2940 2940 2935 2931 2928 2929 2932 2933 2940 2944 2945 2944 2944 2943 2940 2935 2932 2926 2920 2916 2913 2911 2908 2907 2907 2906 2905 2905 2904 2900 2893 2890 2886 2880 2876 2875 2873 2870 2866 2864 2860 2850 2840 2836 2833 2830 2826 2824 2820 2820 2820 2820 2820 2820 2825 2827 2829 2831 2832 2832 2834 2835 2834 2832 2832 2832 2830 2827
2940 2936 2935 2932 2930 2927 2925 2920 2920 2920 2924 2927 2930 2933 2935 2936 2936 2935 2933 2927 2925 2925 2926 2928 2932 2940 2943 2940 2940 2940 2936 2933 2929 2925 2920 2915 2911 2907 2905 2900 2900 2900 2900 2900 2900 2890 2888 2886 2880 2875 2873 2871 2869 2867 2864 2860 2853 2848 2840 2835 2831 2827 2824 2820 2816 2816 2816 2816 2816 2816 2820 2824 2825 2826 2828 2828 2829 2830 2830 2828 2828 2828 2826 2824
2936 2934 2931 2929 2926 2924 2920 2916 2916 2916 2920 2924 2927 2929 2931 2932 2932 2931 2927 2925 2920 2920 2920 2920 2928 2932 2940 2935 2936 2936 2933 2930 2927 2924 2920 2915 2910 2905 2900 2896 2895 2894 2892 2890 2890 2880 2880 2880 2873 2872 2869 2867 2865 2864 2860 2860 2852 2847 2840 2835 2830 2825 2820 2816 2814 2812 2812 2812 2812 2814 2815 2820 2820 2824 2824 2824 2825 2825 2826 2824 2824 2824 2824 2820
2932 2930 2928 2925 2924 2920 2915 2914 2912 2914 2915 2920 2924 2925 2926 2928 2928 2926 2925 2920 2915 2915 2915 2915 2920 2928 2932 2933 2932 2932 2930 2927 2924 2920 2916 2914 2909 2905 2900 2895 2891 2888 2887 2880 2880 2872 2870 2870 2868 2866 2865 2864 2860 2860 2853 2852 2848 2840 2836 2834 2829 2825 2820 2815 2811 2808 2808 2808 2808 2809 2812 2814 2815 2820 2820 2820 2820 2820 2824 2820 2820 2820 2820 2815
2928 2926 2924 2924 2920 2914 2912 2909 2908 2909 2912 2914 2920 2920 2924 2924 2924 2924 2920 2914 2912 2910 2910 2913 2915 2920 2927 2929 2928 2928 2927 2924 2920 2917 2915 2911 2908 2904 2900 2895 2890 2885 2880 2874 2872 2868 2860 2860 2860 2860 2860 2860 2850 2850 2848 2847 2840 2835 2834 2831 2828 2824 2820 2814 2808 2805 2804 2804 2804 2805 2806 2808 2812 2814 2815 2815 2815 2815 2820 2813 2813 2813 2813 2812
2924 2924 2920 2920 2920 2912 2907 2905 2904 2905 2906 2910 2914 2915 2920 2920 2920 2920 2920 2912 2907 2905 2905 2908 2914 2920 2925 2925 2924 2924 2924 2923 2920 2916 2913 2910 2907 2904 2900 2895 2890 2885 2880 2873 2867 2860 2856 2855 2854 2852 2850 2850 2840 2840 2840 2840 2840 2833 2830 2828 2825 2824 2820 2812 2807 2800 2800 2800 2800 2800 2800 2805 2806 2808 2810 2811 2810 2812 2812 2808 2807 2807 2807 2806
2920 2920 2915 2914 2912 2908 2900 2900 2900 2900 2900 2906 2908 2912 2913 2914 2915 2914 2912 2908 2900 2900 2900 2906 2910 2914 2920 2920 2920 2920 2920 2920 2915 2914 2911 2909 2906 2903 2900 2895 2890 2885 2880 2873 2867 2860 2855 2851 2848 2847 2840 2840 2836 2835 2834 2832 2830 2828 2826 2825 2824 2820 2812 2808 2800 2796 2795 2794 2793 2793 2793 2800 2800 2805 2805 2806 2805 2806 2807 2800 2800 2800 2800 2800
2915 2915 2913 2908 2907 2900 2897 2897 2897 2897 2897 2900 2905 2906 2907 2908 2910 2908 2907 2900 2895 2895 2895 2900 2906 2910 2913 2914 2915 2915 2914 2913 2912 2909 2908 2907 2905 2903 2900 2895 2890 2885 2880 2873 2867 2860 2855 2850 2845 2840 2837 2836 2833 2831 2828 2827 2820 2820 2820 2820 2820 2813 2808 2800 2796 2793 2791 2788 2787 2787 2788 2792 2794 2800 2800 2804 2800 2800 2800 2795 2795 2795 2795 2795
2910 2910 2907 2905 2900 2896 2895 2893 2893 2894 2895 2897 2900 2900 2900 2905 2905 2905 2900 2894 2892 2890 2893 2895 2900 2906 2907 2908 2910 2910 2908 2907 2906 2905 2904 2904 2903 2900 2896 2894 2889 2885 2880 2873 2868 2860 2855 2850 2845 2840 2836 2833 2830 2827 2825 2820 2814 2812 2810 2810 2810 2808 2806 2800 2795 2791 2787 2785 2780 2780 2780 2787 2790 2794 2795 2800 2795 2795 2795 2793 2790 2790 2790 2790
2905 2905 2905 2900 2896 2894 2891 2890 2890 2891 2892 2895 2897 2897 2897 2900 2900 2900 2894 2890 2886 2885 2887 2893 2895 2900 2900 2905 2905 2905 2905 2900 2900 2900 2900 2900 2900 2900 2896 2893 2889 2885 2883 2880 2870 2860 2855 2850 2845 2840 2836 2832 2828 2824 2820 2814 2810 2807 2800 2800 2800 2800 2805 2800 2794 2788 2785 2780 2775 2775 2775 2780 2786 2788 2792 2793 2793 2790 2790 2787 2785 2785 2785 2785
2900 2900 2900 2896 2893 2890 2888 2887 2887 2888 2890 2892 2894 2894 2895 2896 2895 2894 2890 2886 2880 2880 2885 2887 2893 2895 2896 2900 2900 2900 2900 2897 2897 2897 2897 2897 2897 2897 2895 2892 2889 2886 2883 2880 2870 2860 2855 2850 2845 2840 2836 2832 2828 2824 2820 2813 2807 2800 2797 2796 2796 2795 2800 2795 2792 2786 2780 2774 2772 2770 2772 2773 2780 2785 2786 2787 2787 2785 2785 2785 2780 2780 2780 2780
2897 2896 2896 2893 2890 2887 2884 2884 2883 2885 2888 2889 2891 2892 2892 2892 2891 2888 2886 2880 2875 2875 2880 2885 2889 2892 2895 2896 2897 2897 2897 2895 2893 2893 2893 2893 2893 2893 2892 2892 2888 2886 2883 2880 2870 2860 2855 2850 2845 2840 2836 2834 2829 2825 2820 2813 2807 2800 2797 2793 2792 2793 2793 2792 2787 2785 2780 2772 2767 2765 2766 2768 2770 2780 2780 2780 2785 2780 2780 2780 2773 2773 2773 2773
2894 2893 2892 2890 2887 2884 2880 2880 2880 2883 2885 2887 2888 2889 2889 2889 2886 2885 2880 2873 2872 2873 2880 2884 2886 2889 2891 2893 2894 2894 2893 2892 2890 2890 2890 2890 2890 2890 2889 2888 2887 2884 2883 2880 2870 2860 2855 2853 2847 2845 2840 2835 2830 2825 2820 2813 2808 2800 2796 2793 2789 2787 2787 2786 2785 2780 2772 2768 2760 2760 2760 2760 2760 2760 2770 2770 2780 2772 2770 2770 2768 2767 2767 2767
2891 2890 2889 2886 2884 2880 2877 2877 2877 2880 2883 2884 2886 2886 2886 2885 2884 2880 2872 2868 2866 2868 2872 2880 2884 2885 2888 2891 2892 2891 2890 2888 2887 2887 2887 2887 2887 2887 2886 2887 2884 2883 2880 2874 2870 2866 2860 2855 2850 2845 2840 2835 2831 2826 2824 2820 2810 2800 2796 2792 2788 2785 2780 2780 2780 2780 2770 2760 2756 2755 2754 2753 2753 2753 2760 2760 2760 2767 2760 2760 2760 2760 2760 2760
2888 2888 2885 2884 2880 2876 2875 2873 2875 2877 2880 2883 2884 2883 2883 2883 2880 2872 2868 2860 2860 2860 2868 2873 2880 2883 2886 2888 2890 2888 2888 2885 2883 2883 2883 2883 2883 2883 2883 2884 2883 2880 2880 2875 2870 2865 2860 2855 2850 2845 2840 2836 2832 2828 2824 2820 2810 2800 2796 2792 2788 2784 2780 2774 2772 2770 2760 2756 2753 2751 2748 2747 2747 2748 2750 2752 2753 2760 2753 2753 2753 2753 2753 2754
2886 2884 2883 2880 2876 2874 2871 2870 2872 2875 2876 2880 2883 2880 2880 2880 2872 2868 2860 2856 2856 2860 2867 2872 2880 2883 2884 2886 2887 2886 2884 2883 2880 2880 2880 2880 2880 2880 2880 2883 2880 2876 2876 2873 2869 2865 2860 2854 2848 2845 2840 2836 2832 2828 2824 2820 2810 2800 2796 2794 2789 2785 2780 2773 2767 2760 2756 2753 2750 2747 2745 2740 2740 2740 2740 2747 2748 2750 2748 2747 2747 2747 2747 2748
2884 2883 2880 2876 2873 2870 2868 2867 2869 2871 2875 2876 2880 2875 2874 2872 2868 2860 2855 2854 2854 2855 2860 2868 2873 2880 2883 2884 2885 2884 2883 2880 2875 2875 2875 2875 2875 2875 2875 2880 2875 2874 2872 2870 2867 2864 2860 2853 2847 2840 2837 2835 2832 2828 2825 2823 2820 2810 2800 2795 2790 2785 2780 2773 2767 2760 2755 2751 2747 2744 2740 2736 2735 2735 2735 2740 2740 2740 2740 2740 2740 2740 2740 2745
2883 2880 2876 2873 2870 2867 2864 2864 2865 2869 2871 2875 2875 2873 2868 2867 2860 2854 2852 2849 2850 2853 2860 2866 2870 2874 2880 2883 2883 2883 2880 2873 2872 2870 2870 2870 2870 2870 2872 2873 2872 2870 2869 2866 2864 2860 2855 2852 2846 2840 2837 2834 2832 2828 2827 2824 2823 2820 2800 2795 2792 2786 2780 2773 2768 2760 2754 2748 2745 2740 2740 2735 2731 2730 2732 2733 2733 2733 2733 2733 2733 2733 2734 2740
2882 2880 2875 2871 2867 2864 2860 2860 2864 2865 2869 2872 2871 2867 2865 2860 2854 2850 2846 2845 2846 2848 2852 2860 2866 2872 2874 2880 2880 2880 2880 2870 2867 2865 2865 2865 2865 2865 2866 2867 2866 2867 2865 2864 2860 2856 2854 2849 2845 2840 2837 2834 2832 2830 2827 2825 2822 2820 2810 2800 2794 2788 2785 2780 2770 2760 2753 2747 2740 2736 2735 2733 2727 2725 2726 2727 2727 2727 2727 2727 2727 2727 2730 2734
2880 2875 2873 2867 2865 2860 2857 2857 2860 2864 2867 2869 2868 2865 2860 2854 2850 2846 2840 2840 2840 2840 2850 2860 2865 2866 2870 2873 2873 2872 2870 2860 2860 2860 2860 2860 2860 2860 2860 2860 2860 2864 2864 2860 2860 2855 2851 2848 2844 2840 2837 2835 2833 2830 2828 2825 2822 2820 2810 2800 2795 2792 2786 2780 2770 2760 2753 2747 2740 2735 2731 2727 2725 2720 2720 2720 2720 2720 2720 2720 2720 2720 2726 2728
2880 2874 2868 2865 2860 2856 2855 2856 2860 2863 2865 2867 2865 2864 2860 2852 2847 2840 2835 2835 2835 2836 2840 2850 2860 2860 2866 2867 2867 2867 2860 2856 2855 2855 2855 2855 2855 2855 2855 2855 2855 2860 2860 2855 2855 2853 2847 2845 2844 2840 2837 2835 2833 2830 2828 2825 2822 2820 2812 2807 2800 2793 2787 2780 2770 2760 2753 2747 2740 2735 2730 2725 2720 2716 2715 2714 2713 2713 2713 2713 2713 2714 2720 2725
2874 2870 2866 2860 2855 2854 2851 2854 2855 2860 2863 2864 2863 2860 2852 2848 2840 2834 2832 2830 2831 2835 2840 2848 2852 2853 2860 2860 2860 2860 2856 2853 2851 2850 2850 2850 2850 2850 2850 2850 2852 2854 2853 2852 2850 2847 2845 2840 2840 2837 2836 2834 2832 2830 2827 2825 2822 2820 2813 2807 2800 2794 2788 2785 2780 2760 2753 2747 2740 2735 2730 2725 2720 2715 2711 2708 2707 2707 2707 2707 2707 2710 2714 2720
2870 2866 2860 2855 2853 2849 2848 2849 2852 2854 2860 2863 2860 2860 2850 2840 2833 2830 2826 2825 2827 2833 2835 2840 2847 2848 2852 2854 2855 2855 2853 2850 2847 2845 2845 2845 2845 2845 2845 2845 2846 2848 2847 2846 2845 2845 2840 2836 2836 2835 2832 2832 2830 2828 2827 2825 2822 2820 2813 2807 2800 2795 2790 2785 2780 2760 2753 2747 2740 2735 2730 2725 2720 2714 2708 2705 2700 2700 2700 2700 2700 2706 2710 2713
2867 2865 2860 2854 2848 2845 2844 2845 2846 2850 2854 2860 2852 2850 2840 2832 2828 2826 2820 2820 2825 2829 2833 2836 2840 2840 2847 2848 2850 2850 2850 2847 2844 2840 2840 2840 2840 2840 2840 2840 2840 2845 2840 2840 2840 2840 2835 2834 2832 2831 2830 2829 2828 2826 2825 2823 2822 2820 2813 2807 2800 2795 2790 2785 2780 2760 2753 2747 2740 2735 2730 2725 2720 2713 2707 2700 2697 2697 2697 2696 2696 2700 2706 2707
2865 2860 2854 2850 2846 2840 2840 2840 2840 2846 2850 2852 2848 2840 2832 2828 2820 2820 2813 2820 2824 2827 2830 2833 2836 2836 2840 2845 2845 2845 2846 2844 2840 2835 2834 2833 2833 2833 2833 2833 2833 2840 2833 2833 2833 2833 2832 2829 2828 2827 2827 2826 2826 2824 2823 2822 2820 2815 2812 2806 2800 2795 2790 2785 2780 2760 2753 2747 2740 2735 2732 2726 2720 2713 2708 2700 2697 2694 2693 2693 2694 2695 2700 2700
2864 2860 2853 2847 2840 2836 2836 2836 2837 2840 2846 2847 2840 2832 2828 2820 2814 2812 2808 2812 2820 2824 2827 2830 2832 2835 2836 2840 2840 2840 2844 2840 2834 2832 2828 2827 2827 2827 2827 2827 2828 2830 2828 2827 2827 2827 2826 2825 2824 2824 2823 2823 2823 2823 2820 2820 2816 2813 2809 2805 2800 2795 2790 2785 2780 2760 2754 2748 2745 2740 2734 2728 2725 2720 2710 2700 2696 2693 2690 2689 2689 2692 2693 2693
2860 2854 2850 2846 2840 2835 2832 2833 2835 2836 2840 2840 2840 2830 2820 2814 2810 2807 2800 2808 2812 2820 2824 2826 2829 2831 2835 2836 2836 2836 2840 2834 2830 2826 2825 2820 2820 2820 2820 2820 2820 2820 2820 2820 2820 2820 2820 2820 2820 2820 2820 2820 2820 2820 2815 2815 2813 2810 2807 2804 2800 2795 2790 2785 2780 2760 2755 2752 2746 2740 2735 2730 2725 2720 2710 2700 2696 2692 2689 2685 2685 2686 2687 2688
2860 2853 2847 2840 2840 2833 2830 2829 2831 2835 2835 2834 2832 2828 2820 2813 2807 2800 2797 2800 2808 2813 2820 2824 2825 2829 2831 2832 2832 2833 2834 2830 2826 2820 2820 2814 2813 2813 2813 2813 2813 2813 2813 2813 2813 2813 2813 2813 2813 2813 2813 2813 2813 2813 2812 2810 2809 2807 2804 2800 2796 2794 2789 2785 2780 2770 2760 2753 2747 2740 2735 2730 2725 2720 2710 2700 2695 2693 2687 2685 2680 2680 2680 2680
2854 2850 2846 2840 2830 2828 2826 2826 2829 2831 2832 2830 2827 2820 2814 2810 2806 2800 2797 2800 2806 2810 2813 2820 2824 2825 2827 2828 2828 2829 2828 2826 2820 2815 2814 2810 2807 2807 2807 2807 2807 2807 2807 2807 2807 2807 2807 2807 2807 2807 2807 2807 2807 2807 2806 2805 2805 2804 2800 2800 2796 2792 2788 2784 2780 2770 2760 2753 2747 2740 2735 2730 2725 2720 2712 2707 2700 2692 2687 2680 2677 2677 2677 2676
2848 2846 2840 2830 2820 2820 2820 2824 2825 2828 2829 2826 2825 2820 2812 2807 2800 2796 2795 2796 2800 2806 2808 2812 2820 2823 2824 2824 2824 2825 2825 2820 2814 2812 2808 2806 2800 2800 2800 2800 2800 2800 2800 2800 2800 2800 2800 2800 2800 2800 2800 2800 2800 2800 2800 2800 2800 2800 2795 2795 2793 2790 2786 2784 2780 2770 2760 2753 2747 2740 2735 2730 2725 2720 2713 2707 2700 2690 2680 2677 2676 2674 2673 2674
