LP-location/body_waves_topography/data/dem_10m.asc
ncols        400
nrows        400
xllcorner    524000.000000000000
yllcorner    1106000.000000000000
cellsize     10.000000000000
NODATA_value  -32767
[rows 152 to 189 of 400, columns 84 to 167 of 400]
2832 2840 2847 2853 2860 2865 2870 2875 2880 2883 2886 2889 2891 2894 2897 2900 2907 2912 2920 2927 2933 2940 2947 2952 2960 2963 2967 2970 2973 2977 2980 2984 2988 2992 2996 3000 3004 3008 3012 3016 3020 3030 3040 3045 3050 3055 3060 3066 3072 3075 3080 3085 3089 3093 3096 3100 3104 3108 3112 3116 3120 3130 3140 3143 3145 3149 3153 3156 3160 3164 3168 3172 3176 3180 3184 3188 3192 3196 3200 3210 3220 3225 3230 3235
2830 2840 2847 2853 2860 2865 2870 2875 2880 2883 2885 2888 2891 2894 2896 2897 2900 2910 2920 2926 2930 2934 2940 2950 2960 2963 2965 2969 2973 2976 2980 2984 2988 2992 2996 3000 3004 3008 3012 3016 3020 3030 3040 3045 3050 3055 3060 3065 3070 3075 3080 3084 3087 3091 3095 3100 3104 3106 3111 3115 3120 3128 3133 3140 3144 3148 3152 3156 3160 3164 3168 3172 3176 3180 3184 3188 3192 3196 3200 3210 3220 3225 3230 3235
2830 2840 2847 2853 2860 2865 2870 2875 2880 2883 2885 2888 2890 2893 2895 2897 2900 2908 2913 2920 2926 2932 2935 2940 2950 2960 2964 2968 2972 2976 2980 2984 2988 2992 2996 3000 3004 3008 3012 3016 3020 3030 3040 3045 3050 3055 3060 3065 3069 3074 3076 3080 3085 3089 3094 3096 3100 3105 3110 3115 3120 3127 3133 3140 3144 3148 3152 3156 3160 3165 3169 3174 3176 3180 3185 3189 3194 3196 3200 3210 3220 3225 3230 3235
2830 2840 2847 2852 2860 2865 2870 2875 2880 2883 2885 2888 2890 2893 2895 2897 2900 2907 2913 2920 2925 2928 2934 2940 2950 2960 2964 2968 2972 2976 2980 2984 2988 2992 2996 3000 3004 3008 3012 3016 3020 3030 3040 3045 3050 3055 3060 3064 3068 3072 3076 3080 3084 3088 3092 3096 3100 3105 3110 3115 3120 3127 3133 3140 3144 3148 3152 3156 3160 3165 3170 3175 3180 3185 3187 3193 3195 3200 3207 3212 3220 3225 3230 3235
2828 2832 2840 2850 2860 2865 2870 2875 2880 2883 2885 2888 2890 2893 2895 2897 2900 2906 2910 2914 2920 2926 2932 2935 2940 2960 2964 2966 2971 2975 2980 2984 2988 2992 2996 3000 3004 3008 3012 3016 3020 3030 3040 3045 3050 3055 3060 3064 3066 3071 3075 3080 3084 3088 3092 3096 3100 3105 3110 3115 3120 3127 3133 3140 3144 3146 3151 3155 3160 3166 3172 3175 3180 3186 3192 3195 3200 3205 3208 3214 3220 3226 3232 3235
2820 2830 2840 2850 2860 2865 2868 2874 2880 2882 2885 2887 2890 2892 2894 2897 2898 2900 2907 2913 2920 2925 2928 2934 2940 2950 2960 2965 2970 2975 2980 2984 2986 2991 2995 3000 3004 3008 3012 3016 3020 3030 3040 3045 3049 3053 3056 3060 3065 3070 3075 3080 3084 3088 3092 3096 3100 3105 3110 3115 3120 3126 3132 3135 3140 3145 3150 3155 3160 3167 3173 3180 3186 3190 3194 3200 3205 3207 3213 3215 3220 3227 3233 3240
2827 2830 2834 2840 2850 2860 2867 2872 2880 2882 2885 2887 2889 2891 2893 2895 2897 2900 2906 2912 2915 2920 2927 2933 2940 2950 2960 2965 2967 2973 2975 2980 2985 2990 2995 3000 3004 3008 3012 3016 3020 3030 3040 3044 3047 3051 3055 3060 3065 3068 3074 3080 3084 3088 3092 3096 3100 3105 3110 3115 3120 3125 3130 3135 3140 3145 3150 3155 3160 3167 3173 3180 3188 3193 3200 3204 3206 3211 3215 3220 3225 3228 3234 3240
2832 2834 2840 2846 2850 2854 2860 2870 2880 2882 2884 2886 2889 2890 2893 2895 2897 2900 2905 2908 2914 2920 2927 2932 2940 2948 2952 2960 2965 2970 2975 2980 2985 2990 2995 3000 3004 3006 3011 3015 3020 3028 3033 3040 3045 3047 3053 3055 3060 3067 3073 3080 3084 3088 3092 3096 3100 3105 3110 3115 3120 3125 3130 3135 3140 3145 3150 3155 3160 3167 3173 3180 3190 3200 3203 3205 3209 3212 3216 3220 3226 3232 3235 3240
2840 2840 2840 2846 2850 2855 2860 2870 2880 2882 2883 2885 2887 2889 2891 2894 2896 2898 2900 2906 2912 2915 2920 2928 2933 2940 2950 2960 2965 2968 2974 2980 2985 2989 2993 2996 3000 3005 3010 3015 3020 3026 3032 3035 3040 3045 3048 3054 3060 3067 3072 3080 3084 3086 3091 3095 3100 3105 3108 3114 3120 3125 3128 3134 3140 3145 3150 3155 3160 3167 3173 3180 3190 3200 3204 3207 3211 3215 3216 3220 3227 3233 3240 3245
2847 2847 2847 2850 2854 2855 2860 2868 2873 2880 2882 2883 2886 2887 2890 2893 2895 2897 2900 2905 2910 2915 2920 2927 2932 2940 2948 2952 2960 2967 2973 2980 2984 2987 2991 2995 3000 3005 3008 3014 3020 3025 3027 3033 3035 3040 3046 3050 3054 3060 3068 3073 3080 3085 3087 3093 3095 3100 3106 3110 3114 3120 3127 3133 3140 3145 3150 3155 3160 3167 3173 3180 3190 3200 3204 3208 3212 3216 3220 3225 3228 3234 3240 3245
2853 2853 2853 2854 2860 2860 2860 2866 2872 2875 2880 2883 2884 2886 2889 2892 2895 2897 2900 2905 2907 2913 2915 2920 2928 2933 2940 2950 2960 2966 2970 2974 2980 2985 2987 2993 2995 3000 3006 3010 3014 3020 3025 3027 3033 3035 3040 3047 3053 3060 3066 3072 3075 3080 3085 3089 3094 3096 3100 3107 3112 3120 3127 3132 3140 3145 3148 3154 3160 3167 3173 3180 3190 3200 3204 3208 3212 3216 3220 3226 3232 3235 3240 3246
2860 2860 2860 2860 2865 2865 2865 2867 2870 2874 2876 2880 2883 2885 2888 2891 2894 2896 2897 2900 2905 2910 2915 2920 2927 2933 2940 2948 2953 2960 2966 2972 2975 2980 2985 2989 2993 2996 3000 3006 3012 3015 3020 3025 3028 3034 3040 3047 3053 3060 3065 3068 3074 3080 3084 3088 3091 3095 3097 3100 3108 3113 3120 3128 3133 3140 3147 3153 3160 3167 3173 3180 3190 3200 3204 3208 3212 3216 3220 3227 3233 3240 3245 3248
2867 2867 2867 2867 2868 2870 2870 2871 2872 2873 2877 2880 2883 2886 2888 2890 2893 2895 2897 2900 2905 2908 2914 2920 2927 2932 2940 2947 2952 2960 2965 2968 2974 2980 2984 2987 2991 2995 3000 3005 3007 3013 3015 3020 3027 3032 3040 3046 3050 3054 3060 3067 3073 3080 3084 3087 3090 3093 3097 3100 3107 3113 3120 3127 3133 3140 3147 3153 3160 3167 3173 3180 3190 3200 3205 3209 3214 3216 3220 3227 3233 3240 3245 3250
2873 2873 2873 2873 2874 2875 2875 2875 2876 2876 2877 2880 2884 2887 2889 2890 2892 2894 2897 2898 2900 2906 2910 2914 2920 2928 2933 2940 2948 2953 2960 2966 2970 2974 2980 2985 2987 2993 2995 3000 3005 3007 3013 3015 3020 3028 3032 3040 3047 3053 3060 3067 3073 3080 3083 3085 3089 3093 3096 3100 3107 3112 3120 3127 3132 3140 3147 3153 3160 3167 3173 3180 3190 3200 3205 3210 3215 3220 3225 3228 3234 3240 3246 3252
2880 2880 2880 2880 2880 2880 2880 2880 2880 2880 2880 2885 2886 2889 2891 2892 2893 2894 2895 2897 2898 2900 2907 2913 2920 2927 2933 2940 2946 2950 2954 2960 2966 2972 2975 2980 2985 2987 2993 2995 3000 3005 3007 3013 3015 3020 3030 3040 3047 3053 3060 3066 3072 3075 3080 3084 3087 3091 3095 3097 3100 3108 3113 3120 3130 3140 3147 3153 3160 3167 3173 3180 3190 3200 3205 3208 3214 3220 3225 3230 3235 3240 3247 3253
2884 2885 2886 2887 2887 2887 2887 2887 2887 2887 2887 2888 2891 2892 2893 2894 2895 2895 2896 2896 2898 2900 2907 2913 2920 2926 2930 2934 2940 2947 2953 2960 2965 2967 2973 2975 2980 2985 2987 2993 2995 3000 3005 3010 3015 3020 3030 3040 3047 3053 3060 3065 3070 3075 3080 3083 3087 3090 3093 3097 3100 3107 3113 3120 3130 3140 3147 3153 3160 3167 3173 3180 3188 3193 3200 3207 3213 3220 3225 3230 3235 3240 3247 3253
2887 2889 2892 2893 2893 2893 2893 2893 2893 2893 2893 2894 2895 2896 2896 2897 2897 2898 2898 2898 2898 2900 2906 2910 2914 2920 2927 2933 2940 2946 2950 2954 2960 2965 2967 2973 2975 2980 2985 2988 2994 3000 3005 3010 3015 3020 3030 3040 3047 3053 3060 3065 3070 3075 3080 3083 3087 3090 3093 3097 3100 3107 3113 3120 3130 3140 3147 3152 3160 3167 3173 3180 3187 3193 3200 3207 3212 3220 3225 3228 3234 3240 3247 3253
2890 2893 2895 2900 2900 2900 2900 2900 2900 2900 2900 2900 2900 2900 2900 2900 2900 2900 2900 2900 2898 2898 2900 2907 2913 2920 2926 2932 2935 2940 2946 2952 2955 2960 2965 2969 2974 2976 2980 2987 2993 3000 3005 3010 3015 3020 3030 3040 3047 3053 3060 3065 3070 3075 3080 3083 3087 3090 3093 3097 3100 3107 3113 3120 3128 3133 3140 3150 3160 3167 3173 3180 3186 3192 3195 3200 3208 3213 3220 3227 3233 3240 3247 3253
2893 2896 2900 2904 2905 2905 2906 2907 2907 2907 2907 2907 2907 2907 2907 2907 2907 2907 2907 2907 2900 2900 2907 2910 2914 2920 2927 2932 2935 2940 2946 2952 2955 2960 2965 2968 2972 2976 2980 2987 2993 3000 3005 3008 3014 3020 3030 3040 3047 3053 3060 3065 3068 3074 3080 3084 3087 3091 3095 3097 3100 3108 3113 3120 3127 3133 3140 3150 3160 3167 3173 3180 3185 3190 3195 3200 3207 3213 3220 3227 3233 3240 3247 3253
2896 2900 2904 2907 2909 2910 2912 2913 2913 2913 2913 2913 2913 2913 2913 2913 2913 2913 2913 2912 2910 2910 2912 2914 2920 2930 2932 2934 2940 2940 2948 2953 2960 2967 2968 2971 2974 2976 2980 2986 2992 2995 3000 3007 3012 3020 3030 3040 3046 3050 3054 3060 3067 3073 3080 3084 3088 3092 3096 3100 3107 3112 3120 3125 3128 3134 3140 3150 3160 3167 3173 3180 3185 3190 3195 3200 3207 3212 3220 3227 3233 3240 3247 3253
2896 2900 2905 2909 2913 2915 2915 2920 2920 2920 2920 2920 2920 2920 2920 2920 2920 2920 2920 2920 2920 2920 2920 2920 2920 2940 2940 2940 2948 2950 2952 2960 2960 2970 2973 2975 2976 2980 2984 2987 2990 2994 2996 3000 3008 3012 3020 3030 3040 3047 3052 3060 3067 3073 3080 3085 3089 3094 3096 3100 3107 3113 3120 3125 3130 3135 3140 3150 3160 3167 3173 3180 3185 3189 3193 3196 3200 3210 3220 3227 3233 3240 3247 3253
2900 2905 2907 2913 2915 2920 2920 2926 2928 2930 2930 2930 2930 2930 2930 2930 2930 2930 2930 2928 2930 2930 2930 2940 2940 2950 2950 2950 2952 2960 2960 2970 2970 2980 2980 2980 2980 2984 2985 2988 2990 2992 2995 2997 3000 3010 3020 3028 3032 3040 3050 3060 3067 3073 3080 3085 3090 3095 3100 3105 3108 3114 3120 3125 3130 3135 3140 3150 3160 3167 3173 3180 3184 3187 3191 3195 3200 3210 3220 3227 3233 3240 3247 3253
2900 2906 2912 2915 2920 2925 2926 2930 2933 2940 2940 2940 2940 2940 2940 2940 2940 2940 2940 2933 2940 2940 2940 2950 2950 2960 2960 2960 2960 2970 2980 2980 2980 2984 2985 2985 2985 2986 2989 2990 2991 2992 2994 2997 3000 3008 3013 3020 3030 3040 3050 3060 3067 3072 3080 3085 3090 3095 3100 3105 3110 3115 3120 3125 3130 3135 3140 3150 3160 3166 3170 3174 3180 3185 3190 3195 3200 3210 3220 3227 3232 3240 3247 3252
2900 2907 2913 2920 2925 2927 2932 2934 2940 2944 2944 2945 2945 2946 2947 2948 2950 2950 2950 2940 2950 2950 2960 2960 2960 2968 2970 2970 2980 2980 2985 2985 2985 2987 2989 2990 2990 2991 2992 2993 2994 2994 2995 2997 3000 3007 3013 3020 3030 3040 3048 3052 3060 3070 3080 3085 3090 3095 3100 3105 3110 3115 3120 3125 3130 3135 3140 3148 3153 3160 3167 3173 3180 3185 3189 3194 3196 3200 3210 3220 3228 3232 3240 3250
2900 2907 2913 2920 2926 2932 2935 2940 2944 2946 2948 2949 2950 2952 2953 2953 2960 2960 2960 2960 2960 2960 2968 2970 2970 2972 2980 2980 2987 2987 2988 2990 2990 2991 2993 2995 2995 2995 2996 2996 2997 2997 2997 2997 3000 3006 3012 3015 3020 3030 3040 3048 3053 3060 3080 3085 3090 3095 3100 3106 3112 3115 3120 3125 3130 3135 3140 3147 3153 3160 3167 3173 3180 3184 3188 3192 3196 3200 3208 3213 3220 3230 3240 3250
2905 2908 2914 2920 2927 2933 2940 2944 2947 2950 2952 2954 2955 2955 2960 2960 2965 2965 2966 2967 2968 2970 2972 2980 2980 2980 2987 2988 2992 2993 2994 2995 2995 2995 2996 3000 3000 3000 3000 3000 3000 3000 3000 3000 3007 3008 3013 3015 3020 3030 3040 3050 3060 3060 3080 3085 3088 3094 3100 3107 3113 3120 3124 3126 3131 3135 3140 3147 3153 3160 3167 3173 3180 3184 3186 3191 3195 3200 3207 3212 3220 3230 3240 3250
2906 2912 2915 2920 2928 2933 2940 2945 2949 2953 2956 2956 2960 2960 2964 2965 2967 2970 2972 2973 2973 2980 2980 2986 2987 2988 2992 2993 3000 3000 3000 3000 3000 3000 3000 3008 3010 3010 3010 3010 3010 3010 3010 3010 3012 3014 3015 3020 3030 3040 3040 3060 3066 3068 3073 3080 3087 3093 3100 3107 3112 3120 3124 3128 3132 3136 3140 3147 3153 3160 3166 3172 3175 3180 3185 3189 3194 3196 3200 3210 3220 3230 3240 3250
2910 2914 2920 2927 2932 2940 2945 2947 2953 2955 2960 2960 2964 2965 2967 2969 2973 2975 2975 2980 2980 2985 2986 2990 2993 2993 3000 3000 3005 3005 3006 3007 3008 3010 3010 3012 3020 3020 3020 3020 3020 3020 3020 3020 3020 3020 3020 3040 3040 3050 3060 3065 3068 3073 3080 3085 3087 3093 3095 3100 3110 3120 3124 3128 3132 3136 3140 3147 3153 3160 3165 3168 3174 3180 3184 3188 3192 3196 3200 3208 3213 3220 3240 3250
2914 2920 2926 2930 2934 2940 2946 2952 2955 2960 2964 2964 2967 2969 2971 2973 2975 2980 2980 2984 2985 2987 2992 2994 3000 3000 3004 3005 3007 3010 3012 3013 3013 3020 3020 3020 3025 3025 3026 3027 3027 3028 3030 3030 3030 3040 3040 3046 3048 3052 3060 3066 3072 3075 3080 3086 3090 3093 3096 3100 3110 3120 3124 3128 3132 3136 3140 3146 3152 3155 3160 3167 3173 3180 3184 3187 3191 3195 3197 3200 3220 3230 3240 3250
2920 2920 2928 2933 2940 2946 2950 2954 2960 2964 2965 2968 2970 2973 2975 2976 2980 2984 2984 2987 2989 2993 2995 3000 3004 3004 3007 3009 3013 3015 3015 3020 3020 3025 3025 3026 3028 3030 3032 3033 3033 3033 3040 3040 3040 3047 3047 3050 3053 3060 3066 3070 3074 3080 3080 3088 3093 3095 3100 3107 3112 3120 3124 3128 3132 3136 3140 3145 3150 3155 3160 3167 3173 3180 3184 3188 3191 3195 3197 3200 3220 3230 3240 3250
2928 2930 2932 2940 2945 2948 2954 2960 2964 2965 2969 2971 2974 2976 2980 2980 2984 2985 2988 2990 2993 2995 3000 3004 3005 3008 3010 3013 3015 3020 3020 3026 3027 3028 3030 3032 3034 3035 3035 3040 3040 3040 3048 3050 3050 3052 3053 3054 3060 3060 3068 3073 3080 3086 3088 3092 3100 3100 3100 3110 3113 3120 3125 3128 3132 3136 3140 3145 3150 3155 3160 3167 3173 3180 3185 3187 3193 3195 3200 3210 3220 3230 3240 3250
2932 2940 2940 2944 2947 2951 2955 2960 2964 2968 2971 2975 2976 2980 2983 2983 2985 2989 2991 2994 2996 3000 3004 3005 3009 3011 3014 3016 3020 3025 3026 3030 3033 3034 3035 3035 3040 3040 3040 3047 3048 3050 3052 3060 3060 3060 3060 3060 3066 3068 3072 3080 3086 3090 3093 3100 3106 3108 3110 3120 3120 3125 3127 3131 3134 3136 3140 3145 3150 3155 3160 3166 3172 3175 3180 3188 3193 3200 3207 3212 3220 3230 3240 3250
2940 2943 2944 2946 2950 2953 2956 2960 2965 2969 2974 2976 2980 2983 2984 2986 2988 2991 2995 2996 3000 3003 3005 3009 3011 3015 3016 3020 3025 3027 3032 3034 3040 3040 3040 3040 3045 3046 3048 3052 3053 3060 3060 3063 3063 3064 3065 3066 3070 3073 3080 3086 3090 3094 3100 3106 3110 3113 3120 3125 3126 3128 3133 3135 3136 3140 3140 3146 3152 3155 3160 3168 3173 3180 3188 3192 3200 3206 3210 3214 3220 3228 3233 3240
2940 2943 2947 2949 2952 2956 2960 2964 2966 2971 2975 2980 2982 2984 2986 2988 2991 2993 2996 3000 3003 3005 3008 3011 3015 3016 3020 3025 3027 3033 3035 3040 3043 3044 3044 3045 3047 3052 3053 3060 3060 3063 3063 3064 3066 3067 3069 3072 3074 3080 3086 3090 3094 3100 3106 3110 3114 3120 3125 3127 3132 3134 3135 3140 3140 3145 3146 3150 3154 3160 3167 3172 3180 3187 3192 3200 3206 3210 3214 3220 3228 3232 3240 3250
2943 2945 2948 2952 2955 2956 2960 2964 2968 2972 2976 2980 2982 2985 2987 2990 2992 2994 2997 3000 3003 3007 3010 3013 3016 3020 3025 3027 3033 3035 3040 3043 3045 3047 3048 3049 3053 3055 3060 3062 3062 3064 3066 3067 3068 3070 3072 3075 3080 3086 3090 3094 3100 3105 3108 3114 3120 3125 3127 3133 3135 3140 3140 3144 3145 3147 3152 3154 3160 3165 3168 3174 3180 3187 3193 3200 3207 3213 3220 3228 3232 3240 3247 3252
2943 2947 2950 2953 2957 2960 2963 2965 2969 2973 2976 2980 2982 2985 2988 2990 2993 2995 2997 3000 3003 3007 3010 3013 3017 3020 3025 3030 3035 3040 3043 3044 3047 3049 3051 3054 3055 3060 3062 3063 3065 3066 3067 3069 3072 3072 3075 3076 3080 3087 3093 3100 3104 3106 3111 3115 3120 3126 3132 3135 3140 3144 3144 3147 3149 3153 3155 3160 3164 3167 3171 3175 3180 3187 3193 3200 3207 3213 3220 3230 3240 3245 3248 3254
2944 2947 2951 2955 2957 2960 2963 2967 2970 2973 2977 2980 2982 2985 2988 2990 2993 2994 2997 3000 3003 3007 3010 3013 3017 3020 3025 3030 3035 3040 3043 3046 3048 3051 3053 3056 3060 3062 3063 3065 3066 3068 3069 3071 3073 3076 3077 3080 3086 3090 3094 3100 3104 3108 3112 3116 3120 3127 3133 3140 3144 3145 3148 3150 3153 3155 3160 3164 3167 3170 3173 3176 3180 3187 3193 3200 3207 3213 3220 3230 3240 3245 3250 3255
2945 2949 2953 2956 2960 2963 2964 2967 2971 2974 2977 2980 2982 2985 2987 2990 2991 2993 2996 3000 3003 3007 3010 3013 3017 3020 3025 3030 3035 3040 3043 3046 3048 3051 3054 3057 3060 3062 3064 3066 3068 3069 3071 3073 3075 3077 3080 3085 3088 3094 3100 3104 3107 3110 3114 3116 3120 3127 3133 3140 3144 3148 3151 3154 3156 3160 3164 3167 3170 3173 3176 3180 3186 3190 3194 3200 3207 3213 3220 3230 3240 3245 3250 3255
