LP-location/body_waves_topography/data/dem_10m.asc
ncols        400
nrows        400
xllcorner    524000.000000000000
yllcorner    1106000.000000000000
cellsize     10.000000000000
NODATA_value  -32767
[rows 190 to 227 of 400, columns 84 to 167 of 400]
2944 2948 2952 2956 2960 2963 2966 2968 2971 2973 2976 2980 2982 2984 2986 2989 2990 2992 2995 3000 3003 3005 3009 3013 3016 3020 3025 3028 3034 3040 3043 3044 3048 3051 3053 3056 3060 3062 3064 3066 3068 3070 3072 3073 3075 3078 3080 3085 3090 3095 3100 3105 3109 3113 3116 3120 3126 3130 3134 3140 3145 3149 3154 3156 3160 3164 3167 3170 3173 3176 3180 3186 3190 3194 3200 3205 3208 3214 3220 3230 3240 3245 3250 3255
2944 2948 2952 2955 2960 2963 2965 2966 2968 2971 2974 2975 2980 2983 2985 2986 2987 2989 2993 2995 3000 3004 3007 3010 3013 3015 3020 3026 3030 3034 3040 3043 3047 3049 3052 3055 3060 3062 3064 3066 3068 3069 3071 3073 3075 3077 3080 3085 3090 3095 3100 3105 3110 3115 3120 3125 3128 3134 3140 3144 3147 3151 3155 3160 3164 3166 3170 3173 3176 3180 3186 3190 3194 3200 3205 3207 3213 3215 3220 3230 3240 3245 3250 3255
2944 2946 2950 2954 2960 2963 2963 2963 2965 2968 2970 2973 2980 2983 2983 2983 2984 2985 2988 2993 3000 3003 3004 3007 3009 3013 3015 3020 3027 3032 3040 3043 3044 3046 3050 3054 3060 3062 3064 3066 3067 3068 3070 3072 3074 3077 3080 3085 3090 3095 3100 3105 3110 3115 3120 3125 3130 3135 3140 3145 3149 3153 3156 3160 3164 3168 3172 3176 3180 3185 3188 3194 3200 3205 3207 3213 3215 3220 3220 3230 3240 3245 3250 3255
2940 2945 2946 2950 2953 2960 2960 2960 2964 2965 2966 2968 2970 2980 2980 2980 2980 2980 2986 2988 2990 3000 3000 3004 3005 3007 3013 3015 3020 3028 3030 3040 3040 3045 3047 3052 3060 3062 3063 3064 3065 3066 3068 3071 3074 3077 3080 3085 3090 3095 3100 3105 3110 3115 3120 3125 3130 3135 3140 3145 3150 3155 3160 3163 3165 3169 3173 3176 3180 3185 3190 3195 3200 3205 3210 3215 3220 3225 3227 3232 3240 3245 3248 3254
2933 2940 2940 2946 2948 2952 2953 2953 2960 2960 2960 2960 2960 2970 2970 2970 2972 2973 2980 2980 2980 2990 2990 3000 3000 3005 3007 3012 3013 3020 3020 3020 3030 3040 3040 3048 3050 3060 3062 3062 3063 3064 3068 3070 3073 3077 3080 3085 3090 3095 3100 3105 3108 3114 3120 3125 3130 3135 3140 3146 3152 3155 3160 3163 3167 3170 3173 3177 3180 3185 3190 3195 3200 3205 3210 3215 3220 3225 3229 3233 3235 3240 3247 3253
2928 2930 2932 2940 2940 2947 2947 2948 2950 2952 2953 2953 2953 2960 2960 2960 2967 2968 2970 2970 2970 2980 2980 2980 2990 3000 3005 3006 3008 3010 3012 3013 3020 3020 3030 3040 3040 3050 3060 3060 3060 3063 3065 3069 3073 3076 3080 3085 3089 3093 3096 3100 3107 3113 3120 3125 3128 3134 3140 3147 3153 3160 3163 3164 3168 3171 3174 3177 3180 3185 3190 3195 3200 3205 3210 3215 3220 3224 3228 3232 3236 3240 3247 3253
2920 2920 2928 2930 2930 2940 2940 2940 2940 2947 2947 2947 2948 2950 2950 2950 2960 2960 2960 2960 2960 2970 2970 2970 2980 2980 3000 3000 3000 3000 3007 3008 3012 3013 3020 3030 3032 3040 3040 3040 3050 3060 3064 3068 3072 3076 3080 3084 3087 3091 3095 3100 3106 3110 3114 3120 3127 3133 3140 3147 3153 3160 3163 3164 3168 3171 3174 3177 3180 3185 3190 3195 3200 3205 3208 3214 3220 3224 3228 3232 3236 3240 3247 3253
2915 2915 2920 2920 2920 2920 2930 2930 2930 2940 2940 2940 2940 2940 2940 2940 2940 2940 2950 2950 2950 2960 2960 2960 2970 2972 2980 2990 2992 2994 3000 3000 3007 3008 3012 3020 3028 3032 3034 3035 3040 3060 3064 3066 3070 3074 3076 3080 3085 3089 3093 3096 3100 3107 3112 3120 3127 3132 3140 3146 3150 3154 3160 3163 3167 3170 3173 3177 3180 3185 3189 3194 3196 3200 3207 3212 3220 3224 3228 3232 3236 3240 3247 3253
2910 2912 2914 2915 2915 2915 2920 2920 2920 2920 2920 2920 2920 2920 2930 2930 2930 2932 2940 2940 2940 2950 2952 2954 2960 2968 2972 2980 2987 2990 2994 2995 3000 3000 3008 3012 3020 3027 3028 3033 3035 3040 3060 3064 3068 3072 3076 3080 3084 3087 3090 3094 3096 3100 3108 3112 3120 3128 3132 3140 3147 3153 3160 3163 3167 3170 3173 3177 3180 3184 3188 3191 3195 3197 3200 3210 3220 3224 3228 3232 3236 3240 3247 3253
2905 2906 2908 2910 2910 2912 2913 2913 2913 2913 2913 2913 2913 2913 2920 2920 2920 2928 2932 2933 2933 2940 2947 2950 2954 2960 2968 2973 2980 2986 2988 2993 2995 2996 3000 3008 3013 3020 3025 3028 3034 3040 3060 3064 3066 3070 3073 3076 3080 3084 3088 3091 3095 3097 3100 3108 3113 3120 3130 3140 3147 3152 3160 3163 3167 3170 3173 3177 3180 3184 3187 3190 3193 3197 3200 3210 3220 3225 3229 3234 3236 3240 3247 3253
2900 2900 2905 2905 2905 2906 2907 2907 2907 2907 2907 2907 2907 2908 2910 2910 2910 2920 2927 2927 2928 2930 2940 2947 2952 2960 2966 2970 2974 2980 2985 2987 2991 2995 3000 3006 3010 3014 3020 3026 3032 3035 3040 3060 3064 3067 3071 3075 3080 3084 3085 3089 3093 3096 3100 3107 3112 3120 3128 3133 3140 3150 3160 3163 3165 3169 3173 3176 3180 3183 3186 3189 3192 3196 3197 3200 3220 3225 3230 3235 3240 3246 3250 3254
2890 2890 2900 2900 2900 2900 2900 2900 2900 2900 2900 2900 2900 2900 2900 2900 2900 2900 2920 2920 2920 2920 2930 2940 2948 2952 2960 2966 2972 2975 2980 2985 2987 2993 2995 3000 3007 3012 3020 3025 3030 3035 3040 3050 3060 3065 3067 3073 3075 3080 3084 3087 3091 3095 3097 3100 3110 3120 3127 3132 3140 3148 3153 3160 3164 3168 3172 3176 3180 3183 3187 3190 3193 3197 3200 3210 3220 3226 3232 3235 3240 3248 3253 3260
2880 2880 2880 2880 2880 2880 2890 2890 2890 2892 2893 2893 2894 2895 2896 2904 2905 2907 2910 2900 2910 2920 2928 2933 2940 2950 2960 2965 2969 2973 2976 2980 2985 2989 2994 2996 3000 3010 3020 3025 3030 3035 3040 3048 3053 3060 3065 3070 3075 3080 3083 3087 3090 3093 3097 3100 3108 3112 3120 3130 3140 3147 3153 3160 3164 3168 3172 3176 3180 3183 3187 3190 3193 3197 3200 3210 3220 3227 3233 3240 3247 3252 3260 3267
2860 2870 2870 2870 2872 2873 2880 2880 2880 2887 2887 2887 2888 2891 2893 2894 2907 2907 2907 2900 2910 2920 2927 2933 2940 2950 2960 2965 2968 2974 2980 2983 2985 2989 2993 2996 3000 3010 3020 3025 3030 3035 3040 3047 3053 3060 3065 3070 3075 3080 3083 3087 3090 3093 3096 3097 3100 3110 3120 3130 3140 3147 3153 3160 3165 3169 3174 3176 3180 3184 3187 3190 3193 3197 3200 3210 3220 3227 3233 3240 3248 3253 3260 3267
2852 2860 2860 2860 2867 2868 2872 2874 2875 2880 2880 2880 2885 2888 2890 2891 2907 2905 2900 2907 2912 2920 2927 2933 2940 2948 2952 2960 2967 2973 2980 2983 2987 2990 2993 2997 3000 3010 3020 3025 3030 3035 3040 3047 3053 3060 3065 3070 3075 3080 3084 3087 3091 3095 3097 3100 3107 3112 3120 3130 3140 3147 3153 3160 3165 3170 3175 3180 3184 3185 3189 3192 3195 3197 3200 3220 3226 3230 3234 3240 3250 3260 3265 3268
2848 2853 2855 2856 2860 2860 2867 2868 2873 2875 2876 2880 2884 2885 2888 2891 2894 2904 2900 2907 2913 2920 2926 2932 2935 2940 2950 2960 2967 2973 2980 2983 2987 2990 2993 2997 3000 3010 3020 3025 3030 3035 3040 3047 3053 3060 3065 3070 3075 3080 3084 3088 3092 3096 3100 3105 3108 3114 3120 3130 3140 3148 3153 3160 3165 3170 3175 3180 3184 3188 3191 3195 3197 3200 3200 3220 3227 3233 3240 3248 3252 3260 3266 3272
2846 2848 2851 2854 2856 2857 2860 2865 2867 2871 2874 2876 2880 2883 2887 2890 2893 2896 2900 2907 2913 2920 2926 2932 2935 2940 2950 2960 2968 2973 2980 2984 2987 2990 2993 2997 3000 3010 3020 3025 3030 3035 3040 3047 3053 3060 3065 3070 3075 3080 3085 3089 3094 3096 3100 3106 3112 3115 3120 3130 3140 3150 3160 3164 3167 3171 3175 3180 3185 3189 3194 3196 3200 3207 3210 3220 3228 3233 3240 3250 3260 3266 3270 3274
2840 2845 2848 2851 2853 2856 2857 2860 2865 2868 2872 2876 2880 2883 2885 2889 2892 2896 2900 2907 2913 2920 2927 2933 2940 2947 2952 2960 2970 2980 2984 2985 2989 2992 2995 2997 3000 3010 3020 3026 3032 3035 3040 3048 3053 3060 3066 3072 3075 3080 3086 3092 3095 3100 3106 3110 3114 3120 3130 3140 3148 3152 3160 3165 3169 3173 3176 3180 3185 3190 3195 3200 3206 3210 3213 3220 3230 3240 3248 3252 3260 3268 3273 3280
2845 2846 2849 2852 2855 2857 2857 2860 2865 2868 2871 2875 2877 2880 2884 2886 2891 2895 2900 2907 2913 2920 2927 2932 2940 2947 2953 2960 2970 2980 2984 2988 2991 2995 2997 3000 3010 3020 3025 3028 3034 3040 3047 3052 3060 3065 3068 3074 3080 3085 3088 3094 3100 3106 3110 3114 3120 3128 3132 3140 3150 3160 3165 3167 3173 3175 3180 3184 3187 3191 3195 3200 3207 3213 3220 3228 3232 3240 3250 3260 3268 3272 3280 3281
2847 2850 2852 2855 2857 2860 2860 2860 2867 2870 2872 2873 2876 2877 2880 2885 2890 2895 2900 2906 2910 2914 2920 2930 2940 2947 2953 2960 2970 2980 2985 2989 2994 2996 3000 3008 3012 3020 3026 3032 3035 3040 3047 3053 3060 3066 3072 3075 3080 3086 3092 3095 3100 3108 3113 3120 3127 3132 3140 3147 3152 3160 3166 3172 3175 3180 3184 3187 3190 3193 3196 3200 3208 3213 3220 3230 3240 3248 3252 3260 3270 3280 3281 3281
2852 2854 2855 2856 2860 2868 2870 2870 2872 2874 2875 2876 2877 2877 2880 2887 2890 2894 2896 2900 2907 2913 2920 2930 2940 2947 2953 2960 2970 2980 2986 2992 2995 3000 3008 3012 3020 3025 3028 3034 3040 3046 3050 3054 3060 3067 3073 3080 3085 3088 3094 3100 3107 3112 3120 3125 3128 3134 3140 3147 3153 3160 3167 3173 3180 3184 3186 3190 3193 3196 3200 3207 3212 3220 3230 3240 3248 3252 3260 3268 3272 3280 3281 3281
2860 2860 2860 2860 2868 2872 2880 2880 2880 2880 2880 2880 2880 2880 2890 2892 2894 2895 2896 2900 2907 2913 2920 2930 2940 2947 2952 2960 2970 2980 2988 2993 3000 3008 3012 3020 3025 3027 3033 3035 3040 3048 3053 3060 3065 3068 3074 3080 3085 3090 3095 3100 3107 3113 3120 3125 3130 3135 3140 3147 3153 3160 3167 3173 3180 3184 3188 3192 3196 3200 3205 3208 3214 3220 3230 3240 3250 3260 3268 3272 3280 3281 3282 3281
2864 2865 2866 2868 2872 2880 2888 2890 2890 2890 2890 2890 2890 2890 2900 2900 2900 2900 2900 2900 2907 2912 2915 2920 2930 2940 2950 2960 2980 2987 2992 3000 3007 3012 3020 3024 3026 3031 3035 3040 3047 3052 3060 3064 3067 3071 3075 3080 3086 3092 3095 3100 3108 3113 3120 3126 3132 3135 3140 3148 3153 3160 3168 3173 3180 3185 3189 3194 3196 3200 3206 3212 3215 3220 3230 3240 3250 3260 3270 3280 3281 3282 3282 3281
2868 2869 2872 2873 2880 2888 2892 2900 2900 2900 2900 2900 2900 2900 2907 2907 2907 2907 2907 2908 2912 2914 2920 2928 2932 2940 2950 2960 2980 2987 2993 3000 3007 3013 3020 3024 3028 3032 3036 3040 3047 3053 3060 3065 3069 3073 3076 3080 3087 3093 3100 3108 3112 3120 3126 3130 3134 3140 3147 3152 3160 3167 3172 3180 3185 3187 3193 3195 3200 3206 3210 3214 3220 3230 3240 3250 3260 3270 3280 3281 3282 3282 3281 3280
2871 2874 2875 2880 2880 2890 2900 2904 2904 2905 2906 2908 2910 2910 2912 2913 2913 2913 2913 2913 2920 2920 2928 2932 2940 2960 2960 2980 2985 2988 2994 3000 3007 3013 3020 3024 3028 3032 3036 3040 3047 3053 3060 3065 3070 3075 3080 3085 3088 3094 3100 3110 3120 3126 3130 3134 3140 3146 3150 3154 3160 3167 3173 3180 3185 3190 3195 3200 3205 3208 3214 3220 3230 3240 3250 3260 3270 3280 3282 3282 3282 3281 3280 3273
2873 2876 2880 2888 2890 2900 2904 2905 2908 2909 2912 2913 2920 2920 2920 2920 2920 2920 2920 2920 2930 2930 2932 2940 2960 2970 2970 2980 2985 2990 2995 3000 3007 3013 3020 3024 3028 3032 3036 3040 3047 3053 3060 3066 3072 3075 3080 3086 3092 3095 3100 3120 3125 3128 3134 3140 3145 3148 3154 3160 3165 3168 3174 3180 3186 3192 3195 3200 3206 3212 3215 3220 3230 3240 3250 3260 3270 3280 3282 3283 3282 3280 3275 3272
2876 2877 2880 2890 2900 2904 2905 2909 2911 2914 2915 2920 2926 2928 2930 2930 2930 2930 2930 2940 2940 2940 2940 2960 2970 2980 2980 2987 2988 2993 2995 3000 3007 3013 3020 3024 3026 3031 3035 3040 3047 3053 3060 3067 3073 3080 3086 3090 3094 3100 3110 3120 3125 3130 3135 3140 3146 3152 3155 3160 3165 3170 3175 3180 3187 3193 3200 3205 3208 3214 3220 3230 3240 3250 3260 3270 3280 3282 3282 3283 3282 3280 3280 3273
2877 2880 2888 2892 2900 2904 2908 2911 2915 2916 2920 2926 2930 2933 2940 2940 2940 2940 2940 2948 2950 2950 2950 2960 2980 2990 2990 2992 2994 2995 3000 3005 3007 3013 3015 3020 3025 3030 3035 3040 3047 3053 3060 3068 3073 3080 3088 3093 3100 3110 3120 3125 3127 3133 3135 3140 3147 3153 3160 3165 3167 3173 3175 3180 3187 3193 3200 3205 3210 3215 3220 3240 3248 3252 3260 3270 3280 3282 3284 3284 3282 3280 3275 3272
2880 2887 2892 2900 2904 2907 2910 2914 2916 2920 2926 2930 2934 2940 2946 2947 2948 2950 2950 2952 2960 2960 2980 2980 3000 3000 3000 3000 3000 3000 3000 3005 3008 3012 3016 3020 3025 3030 3035 3040 3048 3053 3060 3070 3080 3087 3092 3100 3108 3112 3120 3125 3130 3135 3140 3146 3150 3154 3160 3166 3172 3175 3180 3185 3188 3194 3200 3206 3212 3215 3220 3240 3250 3260 3270 3280 3282 3283 3285 3284 3282 3280 3275 3270
2880 2887 2893 2900 2905 2909 2913 2916 2920 2926 2930 2934 2940 2946 2950 2953 2953 2960 2960 2960 2970 2980 2990 3000 3006 3007 3007 3007 3007 3007 3007 3008 3010 3013 3016 3020 3025 3028 3034 3040 3050 3060 3067 3072 3080 3088 3093 3100 3110 3120 3124 3126 3131 3135 3140 3147 3153 3160 3166 3170 3174 3180 3184 3186 3191 3195 3200 3208 3213 3220 3230 3240 3250 3260 3270 3280 3282 3284 3286 3284 3282 3280 3275 3270
2886 2890 2894 2900 2905 2910 2915 2920 2926 2930 2934 2940 2946 2950 2954 2960 2960 2970 2970 2980 2980 2990 3000 3006 3010 3013 3013 3013 3013 3013 3013 3014 3013 3013 3026 3025 3020 3028 3033 3040 3050 3060 3067 3073 3080 3090 3100 3107 3112 3120 3124 3128 3132 3136 3140 3147 3153 3160 3167 3173 3180 3183 3185 3189 3192 3196 3200 3210 3220 3230 3240 3250 3260 3267 3272 3280 3283 3285 3287 3285 3283 3280 3275 3270
2887 2893 2900 2905 2907 2913 2915 2920 2928 2933 2940 2946 2950 2954 2960 2968 2970 2980 2980 2988 2990 3000 3006 3010 3014 3020 3020 3020 3020 3020 3020 3020 3016 3024 3025 3027 3020 3030 3040 3047 3052 3060 3067 3073 3080 3090 3100 3107 3113 3120 3124 3128 3132 3136 3140 3148 3153 3160 3167 3173 3180 3183 3187 3190 3193 3196 3200 3210 3220 3230 3240 3250 3260 3267 3273 3280 3283 3285 3288 3286 3283 3280 3275 3270
2887 2893 2900 2905 2910 2915 2920 2928 2932 2940 2946 2950 2954 2960 2968 2972 2980 2985 2987 2992 3000 3006 3010 3014 3020 3026 3027 3027 3027 3027 3027 3027 3020 3020 3020 3030 3020 3040 3040 3048 3053 3060 3067 3073 3080 3090 3100 3107 3113 3120 3124 3128 3132 3136 3140 3150 3160 3165 3168 3174 3180 3183 3187 3190 3193 3197 3200 3210 3220 3230 3240 3250 3260 3267 3273 3280 3283 3286 3289 3287 3284 3280 3275 3270
2890 2894 2900 2906 2912 2915 2920 2930 2940 2945 2948 2954 2960 2967 2972 2980 2985 2987 2992 2994 3000 3007 3013 3020 3026 3030 3033 3033 3033 3033 3033 3032 3030 3030 3030 3040 3040 3048 3050 3052 3060 3065 3068 3074 3080 3090 3100 3107 3113 3120 3124 3128 3132 3136 3140 3150 3160 3165 3170 3175 3180 3183 3187 3190 3193 3197 3200 3210 3220 3230 3240 3250 3260 3267 3273 3280 3284 3287 3290 3288 3285 3280 3275 3273
2894 2900 2906 2910 2914 2920 2928 2932 2940 2946 2952 2955 2960 2967 2973 2980 2985 2990 2995 3000 3006 3010 3014 3020 3028 3033 3040 3040 3040 3040 3040 3040 3040 3040 3040 3048 3050 3052 3060 3060 3060 3067 3070 3075 3080 3090 3100 3107 3113 3120 3124 3128 3132 3136 3140 3150 3160 3165 3170 3175 3180 3183 3187 3190 3193 3197 3200 3210 3220 3240 3247 3252 3260 3267 3273 3280 3285 3289 3292 3291 3288 3286 3280 3275
2895 2900 2908 2913 2920 2927 2932 2940 2945 2948 2954 2960 2965 2968 2974 2980 2986 2992 2995 3000 3007 3013 3020 3027 3032 3040 3044 3045 3046 3047 3047 3047 3048 3050 3050 3052 3060 3060 3068 3070 3070 3072 3074 3075 3080 3090 3100 3107 3112 3120 3124 3128 3132 3136 3140 3150 3160 3165 3170 3175 3180 3184 3187 3190 3193 3197 3200 3210 3220 3240 3247 3253 3260 3267 3273 3280 3286 3292 3295 3295 3294 3290 3286 3280
2896 2900 2910 2920 2926 2930 2934 2940 2945 2950 2955 2960 2966 2972 2975 2980 2987 2993 3000 3005 3008 3014 3020 3027 3033 3040 3045 3049 3052 3053 3053 3053 3053 3060 3060 3060 3068 3070 3072 3080 3080 3080 3080 3080 3086 3090 3094 3100 3110 3120 3124 3126 3131 3135 3140 3150 3160 3165 3170 3175 3180 3184 3188 3191 3195 3197 3200 3210 3220 3240 3247 3253 3260 3267 3273 3280 3288 3293 3300 3300 3300 3294 3290 3286
2900 2907 2912 2920 2927 2933 2940 2945 2947 2953 2955 2960 2968 2973 2980 2986 2990 2994 3000 3006 3012 3015 3020 3027 3033 3040 3046 3052 3055 3060 3060 3060 3060 3070 3070 3070 3072 3080 3080 3090 3090 3090 3088 3086 3087 3091 3095 3100 3108 3113 3120 3125 3130 3135 3140 3150 3160 3165 3170 3175 3180 3185 3189 3194 3196 3200 3207 3212 3220 3240 3247 3253 3260 3267 3273 3280 3290 3300 3302 3302 3302 3300 3294 3290
